Protein Id,Gene Symbol,DMSO_R3,DMSO_R4,Erl_R3,Erl_R4,Lap_r3,Lap_R4,Sor_R3,Sor_R4,Sun_R3,Sun_R4q
sp|P55011|S12A2_HUMAN,SLC12A2,9.50726,10.2764,11.4369,10.3777,10.6595,9.67,8.63137,8.07173,10.8144,10.5548
sp|O60341|KDM1A_HUMAN,KDM1A,9.74755,9.24091,8.81446,9.7862,10.4484,9.37565,9.90032,10.3921,10.7845,11.5099
sp|Q8WXD9|CSKI1_HUMAN,CASKIN1,9.96132,11.2684,10.6221,8.70189,10.7168,8.04717,11.1312,11.2101,10.135,8.20588
sp|Q8WXE0|CSKI2_HUMAN,CASKIN2,9.61969,10.6518,10.2271,10.6181,11.2928,11.0306,9.29086,9.26359,8.79523,9.21023
sp|Q9UK45|LSM7_HUMAN,LSM7,9.98237,10.8348,9.48842,9.51368,10.6673,9.00268,10.3749,9.48001,9.79156,10.8642
sp|Q9NYV4|CDK12_HUMAN,CDK12,9.49341,11.266,10.126,9.97158,10.4868,10.0071,9.26414,8.95079,10.0018,10.4324
sp|A8MW92|P20L1_HUMAN,PHF20L1,10.5725,10.4682,9.69896,9.63415,10.3537,9.43817,10.55,9.82681,10.1568,9.30071
sp|P24941|CDK2_HUMAN,CDK2,10.2872,9.47788,8.7769,9.22823,9.18755,8.43274,9.90109,9.85291,12.1418,12.7136
sp|P07947|YES_HUMAN,YES1,9.15432,9.62445,9.47369,8.96522,10.5114,9.40315,10.2974,10.1221,11.088,11.3602
sp|P12931-2|SRC_HUMAN,SRC,10.2774,9.40422,10.1488,9.56089,9.79636,9.66664,10.0217,10.0093,11.0535,10.0611
sp|P50750-2|CDK9_HUMAN,CDK9,9.85321,9.04745,10.0282,9.70424,10.2721,9.7236,9.90541,9.56099,11.2609,10.6438
sp|P07948-2|LYN_HUMAN,LYN,10.4188,10.0968,8.54759,9.24855,9.37994,9.81123,10.1582,10.9517,10.3775,11.0096
sp|Q00534|CDK6_HUMAN,CDK6,7.98015,9.8067,8.57752,9.09128,9.375,9.39031,7.27834,8.56464,14.0341,15.902
sp|P06493|CDK1_HUMAN,CDK1,12.586,9.71761,7.20855,9.20143,8.35435,7.5091,12.5391,11.2339,10.3964,11.2536
sp|Q00535|CDK5_HUMAN,CDK5,10.1074,8.41858,9.20983,9.40721,10.0623,9.95539,10.3228,11.8431,10.3451,10.3284
sp|P11802|CDK4_HUMAN,CDK4,9.62779,9.78019,10.9056,9.51586,11.7578,10.004,9.47233,8.94714,10.2507,9.73856
sp|P06241|FYN_HUMAN,FYN,9.6573,9.73055,11.1716,12.5574,8.29687,9.578,9.82298,10.2566,8.95176,9.97694
sp|Q14004|CDK13_HUMAN,CDK13,10.9372,9.55666,9.67279,9.48453,10.3075,9.72743,9.96228,9.28519,10.6141,10.4523
sp|P11362-21|FGFR1_HUMAN,FGFR1,10.0442,9.27911,10.3108,10.1177,9.14922,10.3512,9.48752,10.1496,10.7104,10.4004
sp|Q00536-2|CDK16_HUMAN,CDK16,11.7715,11.1108,11.058,10.3637,11.1381,10.6625,8.21193,7.50806,9.17766,8.9979
sp|Q07002-3|CDK18_HUMAN,CDK18,13.9856,11.3618,9.46291,9.06084,9.09406,8.86923,10.0218,11.1719,8.35639,8.61554
sp|O94921|CDK14_HUMAN,CDK14,11.5574,10.9324,9.08824,10.178,9.29334,9.73379,7.88138,8.3641,11.0446,11.9267
sp|Q00537|CDK17_HUMAN,CDK17,0,0,0,0,0,0,0,0,0,0
sp|Q15139|KPCD1_HUMAN,PRKD1,9.19502,11.0753,10.073,10.1294,10.4169,10.8697,9.1553,8.31195,10.5949,10.1786
sp|P20794-2|MAK_HUMAN,MAK,9.82154,9.74842,9.48537,10.2718,9.55414,10.9395,9.6657,10.7778,9.38736,10.3483
sp|Q9BZL6|KPCD2_HUMAN,PRKD2,9.46876,11.5397,10.0445,9.79435,9.78462,9.60228,9.03234,10.2703,10.5217,9.94149
sp|P36578|RL4_HUMAN,RPL4,10.6259,10.7308,10.427,10.9865,10.2044,10.5639,9.88072,9.29751,8.64254,8.64065
sp|O76031|CLPX_HUMAN,CLPX,8.79023,9.07681,9.32018,10.224,10.6895,10.3077,10.7455,10.8614,10.0652,9.91953
##sp|Q96M63|CC114_HUMAN,##CCDC114,0,0,0,0,0,0,0,0,0,0
sp|Q9BTD8|RBM42_HUMAN,RBM42,9.73414,9.66827,9.62949,9.88358,11.1605,9.30821,10.1529,9.78289,10.3285,10.3514
sp|Q9P258|RCC2_HUMAN,RCC2,9.20024,8.93664,8.85532,9.2262,10.1271,9.4387,10.2539,10.0011,11.7843,12.1766
sp|Q9H3U1|UN45A_HUMAN,UNC45A,10.3469,10.5816,9.6245,10.1093,10.5473,10.1681,10.3743,10.6263,8.51464,9.10711
sp|O60518|RNBP6_HUMAN,RANBP6,10.5013,9.93626,11.1731,10.0118,12.139,9.55544,9.5326,8.56488,9.58923,8.99631
sp|O00410-3|IPO5_HUMAN,IPO5,9.71242,9.87361,9.72092,9.74798,9.49999,9.67827,10.5636,10.7252,9.98251,10.4955
sp|P30044|PRDX5_HUMAN,PRDX5,9.41882,9.22815,9.38063,9.42939,9.96733,9.79402,10.657,10.4151,10.9417,10.7679
sp|Q53GG5-2|PDLI3_HUMAN,PDLIM3,11.8582,10.9519,14.478,11.1002,9.8132,10.1158,8.51134,8.18588,7.69204,7.29342
sp|Q9UPT8|ZC3H4_HUMAN,ZC3H4,9.31285,9.36925,9.00217,10.0492,9.2922,10.0657,8.90206,9.41242,11.8259,12.7682
sp|P52701|MSH6_HUMAN,MSH6,8.60034,8.95451,8.48683,8.74704,9.51529,8.86524,10.0841,10.0698,13.4693,13.2076
sp|Q9BQE4|SELS_HUMAN,VIMP,10.7203,10.4966,12.2038,9.2852,12.5673,9.29243,9.31985,8.67856,10.0272,7.40884
sp|Q8WWH5|TRUB1_HUMAN,TRUB1,9.28841,10.3122,10.146,9.83163,10.0054,9.34115,11.8123,11.4463,8.99741,8.81936
sp|Q96D53|ADCK4_HUMAN,ADCK4,8.0252,6.828,7.84225,8.48661,11.933,10.3811,12.5809,13.192,10.5917,10.1393
tr|I6L894|I6L894_HUMAN,ANK2,10.2406,10.2131,9.74372,9.5589,9.63442,9.62225,10.1012,10.2335,10.461,10.1913
sp|Q12955|ANK3_HUMAN,ANK3,9.52114,9.37816,9.03476,9.6812,9.54789,9.94468,9.46889,9.37626,12.1168,11.9302
sp|Q12955-4|ANK3_HUMAN,ANK3,0,0,0,0,0,0,0,0,0,0
sp|P16157-14|ANK1_HUMAN,ANK1,9.33992,6.1204,9.46943,9.42718,12.3038,9.04383,10.7903,10.4776,11.2891,11.7383
tr|H0Y931|H0Y931_HUMAN,ANK2,9.60161,10.3199,8.62304,10.2943,9.57617,10.6594,9.73463,10.4008,10.2105,10.5795
tr|D6RIY9|D6RIY9_HUMAN,ANK2,8.91569,8.80827,8.11213,10.8359,9.00858,10.5694,9.01041,10.1033,12.4175,12.2188
sp|Q9Y4W6|AFG32_HUMAN,AFG3L2,9.30304,9.07098,9.10544,9.21534,9.95689,9.84679,10.8001,10.7965,11.0121,10.8928
sp|O95159|ZFPL1_HUMAN,ZFPL1,9.20751,9.81719,10.0997,9.75102,10.6353,10.2646,10.5931,11.2118,9.29052,9.12934
sp|Q6P2E9|EDC4_HUMAN,EDC4,9.99342,10.2279,10.2457,10.1336,10.5419,9.92278,10.277,10.1507,9.21131,9.29564
sp|Q9UNF1|MAGD2_HUMAN,MAGED2,10.0085,9.55084,9.34048,9.51763,10.1915,10.1824,10.9428,10.2369,10.1729,9.85612
sp|Q9Y5V3-2|MAGD1_HUMAN,MAGED1,11.2452,10.169,10.8186,10.1867,11,10.0459,9.76133,8.97411,8.77187,9.02719
sp|Q9NZQ3|SPN90_HUMAN,NCKIPSD,11.8862,12.2938,9.42274,9.09594,9.65178,9.3179,10.4247,10.3025,8.7148,8.88959
sp|O95551-2|TYDP2_HUMAN,TDP2,0,0,0,0,0,0,0,0,0,0
sp|O15357|SHIP2_HUMAN,INPPL1,10.6363,9.9137,10.3602,9.88968,10.4571,9.93431,9.82977,9.76689,9.64287,9.56917
sp|Q6UW63|KDEL1_HUMAN,KDELC1,8.96818,9.16091,9.8023,10.1386,11.5399,10.814,10.2035,9.82176,10.0697,9.4811
sp|Q8N3L3|TXLNB_HUMAN,TXLNB,9.59821,12.102,10.3942,11.809,10.0505,11.1671,8.55432,8.71087,8.39036,9.22337
sp|Q9H9Y2|RPF1_HUMAN,RPF1,0,0,0,0,0,0,0,0,0,0
sp|Q96P70|IPO9_HUMAN,IPO9,9.96047,8.99876,9.81718,8.87796,9.95908,8.99017,10.5807,10.3253,11.4456,11.0448
sp|P02786|TFR1_HUMAN,TFRC,10.7957,10.0149,9.94133,9.96085,10.6639,10.2403,11.0701,11.2832,8.01796,8.01179
sp|P07954|FUMH_HUMAN,FH,9.2417,9.004,9.3704,9.60371,9.78732,10.2578,10.7594,10.7135,10.6279,10.6343
sp|P54296|MYOM2_HUMAN,MYOM2,7.91814,8.30159,9.53866,9.93764,10.7734,11.6118,9.737,9.53334,10.9914,11.657
sp|Q9Y490|TLN1_HUMAN,TLN1,10.2063,11.2728,11.1617,11.115,9.96336,9.925,9.91295,9.40536,8.49248,8.54502
sp|Q9Y4G6|TLN2_HUMAN,TLN2,9.81046,9.60473,9.36819,9.74813,9.52903,9.66415,10.5523,10.3951,10.7092,10.6187
sp|P18621-3|RL17_HUMAN,RPL17,10.1218,11.2301,10.5974,11.3335,9.93824,11.0746,9.34698,9.53625,8.30015,8.52097
sp|O94826|TOM70_HUMAN,TOMM70A,9.63639,9.09533,9.66481,9.57094,9.95957,10.067,10.7577,10.894,10.2921,10.0621
sp|O95359|TACC2_HUMAN,TACC2,9.39976,9.70065,10.0974,10.4352,10.5785,10.7199,10.4858,9.81028,9.47726,9.29526
sp|O75410-2|TACC1_HUMAN,TACC1,10.281,11.1602,9.34443,10.3511,8.68456,8.68888,13.4356,10.9378,9.12056,7.99596
tr|H0Y9Y7|H0Y9Y7_HUMAN,TACC2,0,0,0,0,0,0,0,0,0,0
sp|Q9P0V3|SH3B4_HUMAN,SH3BP4,9.74071,11.0068,10.6621,11.9974,9.32787,9.93142,9.9729,9.38097,8.88301,9.09687
sp|Q14195-2|DPYL3_HUMAN,DPYSL3,10.3748,9.7291,10.8562,9.712,9.46345,10.1946,9.86045,9.95784,10.0624,9.78921
sp|O14531|DPYL4_HUMAN,DPYSL4,11.4056,11.4883,8.73281,9.23773,9.72095,9.20973,9.82916,9.85796,10.4835,10.0342
sp|Q14194-2|DPYL1_HUMAN,CRMP1,10.0748,9.54904,9.87612,9.56722,9.888,9.73512,9.9722,9.99969,10.7625,10.5753
sp|Q16555|DPYL2_HUMAN,DPYSL2,9.28694,8.82909,8.90207,8.63738,9.19993,9.85496,10.198,9.7515,12.7979,12.5422
sp|Q8N4T8|CBR4_HUMAN,CBR4,8.35671,8.72663,8.36709,9.75788,10.313,10.56,10.5488,10.7328,11.1031,11.534
sp|P23381|SYWC_HUMAN,WARS,9.93197,9.87538,9.40499,9.59435,9.64438,9.31039,12.1527,11.7657,9.15136,9.16884
sp|P35221-2|CTNA1_HUMAN,CTNNA1,10.9357,11.286,11.096,11.0001,9.46947,9.45753,8.70322,8.23268,9.81723,10.002
sp|Q9UI47|CTNA3_HUMAN,CTNNA3,10.3085,9.50772,11.297,9.78195,9.64521,9.22712,9.48281,9.1069,11.0343,10.6085
sp|P26232|CTNA2_HUMAN,CTNNA2,10.9103,11.4604,11.6678,11.1073,9.24673,8.91,8.49219,7.93562,10.3692,9.90032
sp|Q9BUP0|EFHD1_HUMAN,EFHD1,12.0458,11.3009,9.5688,9.11382,8.58726,8.40535,11.3489,10.7784,9.40157,9.44921
sp|Q96C19|EFHD2_HUMAN,EFHD2,10.7746,10.7213,8.22313,9.30115,9.48345,8.56434,11.5786,11.7929,9.91419,9.64629
sp|Q9GZT9|EGLN1_HUMAN,EGLN1,14.3893,11.4129,10.0571,10.3876,9.70646,9.19249,9.29617,8.74551,8.61895,8.19359
sp|Q9Y3B7|RM11_HUMAN,MRPL11,9.46597,9.26511,9.57875,9.33804,10.0151,9.93153,11.0501,10.9348,10.5121,9.90853
sp|Q96T51|RUFY1_HUMAN,RUFY1,8.83632,9.1521,9.39364,9.83559,10.1843,10.9632,10.4747,11.4752,10.0104,9.67452
sp|Q8WXA3|RUFY2_HUMAN,RUFY2,8.72952,10.9073,9.87523,11.0337,9.25489,10.4247,8.88889,10.9187,10.4804,9.48668
sp|P54578|UBP14_HUMAN,USP14,10.1554,9.94397,9.6536,9.44456,9.9854,9.23302,10.4939,10.2226,10.7827,10.0848
sp|Q7L099-2|RUFY3_HUMAN,RUFY3,9.13,7.44646,9.56255,8.97329,9.98124,10.4766,11.664,12.9494,10.1113,9.70504
sp|Q7L099-3|RUFY3_HUMAN,RUFY3,9.41374,10.3284,9.54154,10.3972,11.4015,9.52034,9.67371,10.0321,9.49905,10.1924
sp|Q5VSL9|STRP1_HUMAN,STRIP1,9.82715,9.54062,9.67361,10.4751,10.94,10.3244,9.81575,10.0258,9.70124,9.6764
sp|Q9ULQ0|STRP2_HUMAN,STRIP2,10.2251,10.7874,9.86612,10.3401,10.0752,10.4253,9.35775,9.40108,9.75591,9.76614
sp|O14497|ARI1A_HUMAN,ARID1A,9.80988,10.1479,11.0858,10.1964,10.0376,10.2935,9.71163,8.98426,9.8889,9.84415
sp|Q8NFD5-3|ARI1B_HUMAN,ARID1B,9.55057,9.79741,9.55683,9.85155,10.3619,9.91749,9.51691,9.56283,10.5589,11.3257
sp|Q9BQS8|FYCO1_HUMAN,FYCO1,9.29828,9.50059,9.72298,9.98127,11.5723,11.2656,9.16953,8.97973,10.3587,10.151
sp|P13807|GYS1_HUMAN,GYS1,11.2993,9.70561,9.62766,9.06034,9.32586,8.89445,10.2945,11.4826,10.1083,10.2014
sp|P51970|NDUA8_HUMAN,NDUFA8,9.03265,10.5031,9.11426,10.2928,10.1656,10.1908,10.0928,10.7292,9.88269,9.99607
sp|Q9UGJ0|AAKG2_HUMAN,PRKAG2,10.9006,9.21558,9.06028,8.47767,9.47267,9.01204,11.0578,12.321,10.2657,10.2167
sp|P54619-3|AAKG1_HUMAN,PRKAG1,9.97785,8.76267,8.65462,8.24823,9.93054,10.065,9.96296,11.9387,11.0188,11.4406
sp|Q8TAE8|G45IP_HUMAN,GADD45GIP1,8.39688,9.50222,8.75647,9.72797,9.85969,10.5604,10.4024,11.3149,10.5298,10.9493
sp|Q7L2E3-2|DHX30_HUMAN,DHX30,9.478,9.57811,10.0486,10.2901,10.4146,10.3968,10.329,10.5297,9.52609,9.40893
sp|O15269|SPTC1_HUMAN,SPTLC1,8.8938,9.65471,10.1447,10.549,11.0776,11.109,8.74579,8.57075,10.3213,10.9334
sp|Q14008-3|CKAP5_HUMAN,CKAP5,10.3535,9.95328,9.88142,10.2454,9.9229,10.0289,10.5376,10.2785,9.38373,9.41477
sp|Q7Z392|TPC11_HUMAN,TRAPPC11,9.51114,9.4196,10.854,10.0834,10.5707,10.0332,10.165,9.69207,9.93615,9.73483
sp|Q6NWY9|PR40B_HUMAN,PRPF40B,9.43131,9.75315,8.69545,9.80526,9.82977,9.62973,10.5374,10.3338,10.2955,11.6886
sp|O75400|PR40A_HUMAN,PRPF40A,9.48271,10.0959,10.2232,9.52154,10.0172,9.94466,10.0139,9.15216,10.6386,10.9102
sp|Q6JQN1|ACD10_HUMAN,ACAD10,9.80153,8.93264,9.02914,8.72867,9.8671,9.44128,10.6195,11.3374,10.9908,11.2519
sp|P05091|ALDH2_HUMAN,ALDH2,8.7088,8.04339,8.6537,8.97052,9.71283,10.2214,11.5255,11.6487,11.5007,11.0144
sp|P30837|AL1B1_HUMAN,ALDH1B1,9.18801,8.95016,9.4872,9.19057,9.72581,9.8608,11.3565,11.4336,10.5104,10.297
sp|P00352|AL1A1_HUMAN,ALDH1A1,0,0,0,0,0,0,0,0,0,0
sp|Q8N0Z6|TTC5_HUMAN,TTC5,10.174,9.79954,9.31083,9.73025,9.0791,10.9517,10.0024,10.2952,9.79764,10.8593
sp|P31948|STIP1_HUMAN,STIP1,10.2727,10.333,9.91544,9.88744,9.42634,9.78109,10.7144,10.3414,9.64678,9.68153
sp|P50502|F10A1_HUMAN,ST13,9.98086,9.94171,10.0183,9.92283,10.1213,9.66508,10.8596,9.87688,9.95018,9.66326
sp|Q92574|TSC1_HUMAN,TSC1,9.42387,9.51298,10.0889,10.5002,10.8274,10.1976,9.45839,9.74237,10.1081,10.1402
sp|Q13423|NNTM_HUMAN,NNT,9.30224,8.82757,8.86557,9.41584,9.66368,10.3537,10.9979,11.3691,10.4513,10.7532
sp|P35251|RFC1_HUMAN,RFC1,9.30077,9.24862,8.72894,9.28775,9.96958,9.25173,10.6863,9.81376,12.009,11.7036
sp|Q92575|UBXN4_HUMAN,UBXN4,10.0294,9.55986,10.2305,9.7317,10.2864,9.59452,10.7318,9.91529,10.1541,9.76653
sp|O95273|CCDB1_HUMAN,CCNDBP1,0,0,0,0,0,0,0,0,0,0
sp|P52848|NDST1_HUMAN,NDST1,9.05485,10.5277,10.068,11.9939,13.8244,8.92068,8.38682,7.51027,9.64758,10.0658
sp|P52849|NDST2_HUMAN,NDST2,9.45926,10.2786,10.2001,9.92165,9.75236,10.4102,9.21342,9.73439,10.9606,10.0693
sp|P56945-6|BCAR1_HUMAN,BCAR1,9.94896,11.9067,10.8719,10.1305,11.9873,11.3555,10.0282,9.08738,7.20016,7.48342
sp|P98172|EFNB1_HUMAN,EFNB1,7.3957,8.20137,10.888,11.5445,10.5225,10.8522,7.04841,6.36101,13.2184,13.968
sp|Q15768|EFNB3_HUMAN,EFNB3,10.0144,10.2996,9.14013,9.9041,10.2096,8.67979,10.1619,9.20798,10.4706,11.9118
sp|Q9NV92|NFIP2_HUMAN,NDFIP2,0,0,0,0,0,0,0,0,0,0
sp|Q14498|RBM39_HUMAN,RBM39,10.45,9.74856,9.69237,9.53836,9.7999,10.4852,10.6718,9.92657,9.78275,9.90454
sp|Q86U06|RBM23_HUMAN,RBM23,9.21035,12.6128,11.8573,10.5834,12.3331,12.657,6.83475,6.71325,7.66356,9.53447
sp|Q9BYV7|BCDO2_HUMAN,BCO2,10.0048,7.56682,5.92299,8.04555,9.50914,10.9285,8.89663,12.194,10.247,16.6846
sp|Q15042|RB3GP_HUMAN,RAB3GAP1,9.89522,9.99062,10.0096,9.94003,10.1327,9.85629,10.3161,10.5285,9.60413,9.72684
sp|Q9NX63|CHCH3_HUMAN,CHCHD3,9.45692,9.18563,9.5691,9.51536,10.1912,10.1542,10.8867,10.5778,10.2964,10.1667
sp|P29375|KDM5A_HUMAN,KDM5A,10.0968,9.37823,7.91075,11.2891,11.0718,10.1496,9.07832,10.2397,9.90474,10.881
sp|P41229|KDM5C_HUMAN,KDM5C,11.2473,10.377,9.54007,10.2945,10.198,9.90524,9.16996,9.4013,9.6932,10.1735
sp|Q9UGL1-2|KDM5B_HUMAN,KDM5B,12.0526,10.6707,9.7011,10.1634,9.56451,10.0581,9.76301,9.37713,9.47914,9.17034
sp|P26641|EF1G_HUMAN,EEF1G,10.3865,10.4975,10.2599,10.5365,9.97108,9.90666,9.81867,10.1342,9.22184,9.26715
sp|P20810-6|ICAL_HUMAN,CAST,10.4298,10.1915,9.80791,10.1398,9.54977,10.3736,10.9467,10.6773,8.96014,8.92349
tr|D6RBR1|D6RBR1_HUMAN,CAST,0,0,0,0,0,0,0,0,0,0
sp|P31350-2|RIR2_HUMAN,RRM2,10.5586,13.4863,7.5453,8.67459,5.63724,5.00344,11.5381,12.4003,12.1778,12.9784
sp|Q7LG56-6|RIR2B_HUMAN,RRM2B,8.40854,10.7441,7.91985,10.967,8.81819,11.8906,9.58991,13.823,7.0834,10.7554
sp|Q8NDA8|MROH1_HUMAN,MROH1,9.19453,10.0513,9.47027,10.1056,10.2447,9.75736,9.63704,9.80349,11.0035,10.7322
sp|Q16643-3|DREB_HUMAN,DBN1,10.243,11.1099,11.9442,11.0027,10.1635,9.43399,9.7127,8.88027,8.81034,8.69945
sp|P53618|COPB_HUMAN,COPB1,10.8811,9.72979,10.8208,9.42884,10.3292,9.9434,9.64308,10.1927,9.55095,9.48013
sp|Q12809|KCNH2_HUMAN,KCNH2,9.17042,9.64243,10.5777,10.5753,10.0513,9.40605,9.29621,8.96081,10.8338,11.4861
sp|Q9NS40|KCNH7_HUMAN,KCNH7,8.6586,9.94673,9.18499,11.3929,9.80696,11.1066,8.54065,9.46195,10.1727,11.7279
sp|O14981|BTAF1_HUMAN,BTAF1,9.88994,9.8681,9.43779,9.95577,10.8009,10.2076,9.88437,9.58038,10.189,10.1862
sp|Q99569|PKP4_HUMAN,PKP4,9.78763,10.1267,10.1766,9.73628,9.24374,9.29879,10.507,9.71463,10.7412,10.6675
sp|Q9UQB3|CTND2_HUMAN,CTNND2,10.4772,10.8361,9.47407,9.64482,8.97796,9.82145,11.3939,8.82606,11.1183,9.43012
sp|Q96CD0|FBXL8_HUMAN,FBXL8,9.98149,9.69135,9.70226,8.90191,10.1551,8.97651,11.2181,10.5361,10.2721,10.565
sp|Q9H2M9|RBGPR_HUMAN,RAB3GAP2,9.9845,10.1325,10.4684,10.0839,10.4441,9.44653,10.5573,10.5108,9.25284,9.119
sp|O95429|BAG4_HUMAN,BAG4,9.5077,9.63765,9.46936,10.401,10.5895,9.93284,10.8171,9.63271,10.2661,9.74602
sp|Q96BN8|OTUL_HUMAN,FAM105B,8.6805,9.23006,9.09004,10.1123,11.0282,9.97503,10.2526,11.143,9.62361,10.8646
sp|Q92736-2|RYR2_HUMAN,RYR2,9.9202,9.50318,8.95007,9.64417,10.2187,10.2183,9.14067,9.81219,11.2357,11.3568
sp|P21817|RYR1_HUMAN,RYR1,10.2767,9.35225,9.58346,9.05991,10.5122,9.90651,9.27189,9.56309,11.5437,10.9303
sp|P08559-4|ODPA_HUMAN,PDHA1,9.33059,9.1492,9.04043,9.32078,10.0037,10.0635,10.6929,10.7778,10.9126,10.7084
sp|Q10570|CPSF1_HUMAN,CPSF1,11.3088,9.96602,11.5517,10.8312,11.4667,9.45904,7.94311,7.63423,10.0436,9.79568
sp|O75155|CAND2_HUMAN,CAND2,9.74816,9.6158,10.784,10.3973,10.276,10.1776,10.0324,10.3257,9.08753,9.55557
sp|Q86VP6|CAND1_HUMAN,CAND1,10.4106,9.4619,10.0351,9.47881,9.53565,9.32583,10.4635,10.316,10.8322,10.1404
sp|Q99733|NP1L4_HUMAN,NAP1L4,9.18626,10.2549,8.46327,10.0647,9.59704,11.0365,10.3535,11.0558,9.42495,10.563
sp|P55209|NP1L1_HUMAN,NAP1L1,10.3525,10.8674,9.68681,9.91111,9.56309,10.359,9.99671,10.1888,9.84199,9.2326
sp|Q96RP9|EFGM_HUMAN,GFM1,9.13597,8.62267,9.45125,9.67004,10.4611,10.2298,11.0448,11.2108,10.082,10.0915
sp|Q15262-3|PTPRK_HUMAN,PTPRK,7.99685,7.71238,8.40094,9.61336,10.2396,10.0673,8.00654,8.76103,14.577,14.6249
tr|Q5TG12|Q5TG12_HUMAN,PTPRK,8.83402,11.1934,9.02498,10.7845,10.9727,9.94098,6.87006,8.48761,10.8434,13.0484
sp|P28827-2|PTPRM_HUMAN,PTPRM,10.3279,9.84388,10.8717,10.8175,9.60584,9.5275,7.83261,8.40477,11.2339,11.5343
sp|Q86XX4-2|FRAS1_HUMAN,FRAS1,8.35249,10.2044,9.61965,10.2927,9.92435,10.6728,8.48466,7.8517,12.6721,11.9252
sp|Q9NVC6|MED17_HUMAN,MED17,9.07568,10.3426,9.04174,10.0355,10.5761,10.6663,9.1848,9.06998,10.6292,11.3781
tr|J9JID7|J9JID7_HUMAN,LMNB2,9.64403,10.5387,9.51443,9.75906,9.56023,9.81137,9.70267,10.1627,10.7722,10.5346
sp|P02545|LMNA_HUMAN,LMNA,9.82267,10.0785,9.44878,9.84694,9.88138,9.95911,9.78264,9.84876,10.8165,10.5148
sp|P20700|LMNB1_HUMAN,LMNB1,9.59978,9.82356,9.11925,9.79234,9.6648,9.73811,10.0752,9.83001,11.1041,11.2528
sp|P19338|NUCL_HUMAN,NCL,9.81832,9.89185,8.82829,9.57943,9.76201,10.1064,10.6552,10.1475,10.8892,10.3218
sp|P49006|MRP_HUMAN,MARCKSL1,9.52773,9.55272,11.2371,10.2462,11.8483,9.82609,8.32512,8.02808,10.5423,10.8664
sp|P29966|MARCS_HUMAN,MARCKS,0,0,0,0,0,0,0,0,0,0
sp|Q7KZF4|SND1_HUMAN,SND1,10.6063,9.99183,10.7825,10.4042,10.8745,10.0998,9.78351,9.23605,9.31753,8.90367
sp|Q8N3V7|SYNPO_HUMAN,SYNPO,10.1738,10.322,9.75506,9.83138,9.09604,10.4596,10.2346,11.0008,9.50917,9.61759
sp|Q6UWP2|DHR11_HUMAN,DHRS11,10.1611,10.1086,9.26215,9.00533,9.85257,9.39565,11.1938,10.589,10.2359,10.1958
sp|P18206|VINC_HUMAN,VCL,10.443,10.4431,10.2501,9.86531,9.39406,9.58647,10.4342,10.0879,9.78459,9.71126
sp|P42858|HD_HUMAN,HTT,9.1842,10.0051,9.27466,9.97511,10.6978,10.685,9.95702,9.95448,10.1169,10.1498
sp|P19404|NDUV2_HUMAN,NDUFV2,9.5004,9.59071,8.99783,9.64332,9.86828,10.1487,10.2732,9.89712,11.1295,10.9508
sp|O43837|IDH3B_HUMAN,IDH3B,9.05624,8.98927,8.59062,9.47352,9.67043,10.5612,10.7119,11.7264,10.4373,10.7831
sp|O43837-2|IDH3B_HUMAN,IDH3B,10.6031,10.0252,10.416,6.70888,9.0492,12.3726,11.3863,9.31511,9.5543,10.5693
sp|Q8N201|INT1_HUMAN,INTS1,8.89737,9.36988,9.77757,10.0826,10.9245,10.5125,9.34342,10.3449,10.0005,10.7466
sp|Q9UBF2|COPG2_HUMAN,COPG2,9.63815,8.99197,9.70341,9.48975,10.6057,10.0548,10.0842,10.1732,10.5008,10.758
sp|Q9Y678|COPG1_HUMAN,COPG1,10.5534,10.1764,11.8766,10.2167,10.3621,9.13404,9.41441,10.0694,9.22026,8.97664
sp|O00330|ODPX_HUMAN,PDHX,9.07881,9.31734,9.14624,9.27932,9.7963,10.3364,10.822,10.9848,10.7718,10.4671
sp|Q8IXS6-2|PALM2_HUMAN,PALM2,8.87042,10.1343,9.86506,9.51799,11.8433,9.42522,9.78932,8.27599,10.5749,11.7035
sp|Q9Y2D5-6|AKAP2_HUMAN,AKAP2,10.7477,11.4864,10.315,10.303,9.75142,10.1054,10.4752,10.0389,8.37776,8.39939
sp|O75781|PALM_HUMAN,PALM,9.68193,10.8013,8.73441,10.8114,9.33499,10.2252,8.35494,8.80412,11.4266,11.825
sp|Q9HAC8|UBTD1_HUMAN,UBTD1,0,0,0,0,0,0,0,0,0,0
sp|Q8WUN7|UBTD2_HUMAN,UBTD2,9.32205,10.2608,9.99428,11.3913,10.7856,10.1048,8.12317,7.82213,10.7245,11.4712
sp|Q70CQ2|UBP34_HUMAN,USP34,10.1176,10.0797,11.9582,10.3211,10.5808,10.0602,9.47565,8.23303,9.94458,9.22914
sp|P17858-2|K6PL_HUMAN,PFKL,11.2004,9.47127,10.1009,8.78692,9.277,9.21432,9.60576,11.7689,10.0155,10.559
sp|Q01813|K6PP_HUMAN,PFKP,10.6682,10.2502,9.70179,9.60094,9.35108,9.73921,10.3593,11.0296,9.58903,9.71075
sp|P08237-3|K6PF_HUMAN,PFKM,9.84758,9.93249,8.91868,9.74801,9.7115,10.0914,10.0464,11.398,9.81256,10.4934
sp|O95336|6PGL_HUMAN,PGLS,9.81824,10.3856,9.89402,10.0606,9.08558,9.30509,10.2897,10.7338,10.5802,9.8471
sp|P55060|XPO2_HUMAN,CSE1L,10.0985,9.26068,9.3735,9.36282,9.67473,9.62143,10.5664,10.8545,10.7108,10.4766
sp|Q9BUH6|CI142_HUMAN,C9orf142,9.12423,9.86806,9.20393,9.96021,10.3504,9.90174,9.72095,9.73385,10.8504,11.2862
sp|Q8N697|S15A4_HUMAN,SLC15A4,9.9906,9.58716,9.33526,8.99625,10.569,9.03278,9.96965,9.93098,11.2726,11.3158
sp|Q9P265|DIP2B_HUMAN,DIP2B,9.8447,9.989,9.62408,10.0938,10.0383,9.84307,10.433,10.4728,9.69726,9.96404
sp|Q14689|DIP2A_HUMAN,DIP2A,9.53839,10.2142,9.76724,9.74992,10.6858,9.85601,9.53396,9.60752,10.1883,10.8588
sp|Q9Y2E4|DIP2C_HUMAN,DIP2C,10.0739,9.85799,9.20252,9.45083,10.6134,9.68343,10.3567,10.5384,10.1302,10.0927
sp|Q00341|VIGLN_HUMAN,HDLBP,10.6869,11.5725,9.88233,10.665,10.2669,10.3692,9.9066,9.52237,8.5669,8.56133
sp|Q9BXX3|AN30A_HUMAN,ANKRD30A,10.7331,10.7625,18.6341,11.0067,9.16423,8.8629,8.69937,8.52122,6.72978,6.88614
sp|Q8TDX7|NEK7_HUMAN,NEK7,11.1358,10.4298,9.83339,10.012,9.63981,10.2108,8.94715,9.15267,10.3781,10.2605
sp|Q9HC38-2|GLOD4_HUMAN,GLOD4,9.98581,9.30885,9.27723,9.12148,9.24019,9.31916,11.3026,10.943,11.0165,10.4851
sp|Q99575|POP1_HUMAN,POP1,9.76775,9.86017,9.76618,9.62661,10.5217,10.0038,10.027,9.76928,10.7358,9.92164
sp|Q53H12|AGK_HUMAN,AGK,9.23436,8.51648,9.46275,9.14657,10.2929,9.74103,11.3584,10.8285,11.124,10.295
sp|Q9Y2I8|WDR37_HUMAN,WDR37,10.3957,10.0608,9.87151,9.48075,9.99645,9.67101,10.8478,10.4863,9.88821,9.30143
sp|Q702N8|XIRP1_HUMAN,XIRP1,12.0139,12.8904,12.8914,11.634,9.50437,9.51976,8.37002,7.66667,7.79958,7.70988
sp|A4UGR9|XIRP2_HUMAN,XIRP2,11.9425,13.9328,14.1666,12.3801,10.6575,10.7296,6.60612,6.01222,6.66209,6.91052
sp|A4UGR9-6|XIRP2_HUMAN,XIRP2,12.0441,11.7151,12.5854,11.5716,9.95693,9.90446,9.19342,8.51535,7.23089,7.28275
sp|Q05086|UBE3A_HUMAN,UBE3A,9.83604,9.74547,9.49712,9.58829,10.3311,9.47054,10.3467,10.0362,10.4594,10.6891
sp|Q9H019|MFR1L_HUMAN,MTFR1L,9.48629,8.66203,8.80193,8.33646,9.01636,9.30211,13.6469,12.931,10.1558,9.66105
sp|Q15772|SPEG_HUMAN,SPEG,10.2529,10.6477,11.7063,10.6055,10.282,9.89745,8.79338,9.03396,9.49029,9.2904
sp|Q9UGR2|Z3H7B_HUMAN,ZC3H7B,9.63192,9.52508,10.8459,10.4771,10.9296,10.4506,9.37389,8.97431,9.87608,9.91541
sp|P06753|TPM3_HUMAN,TPM3,10.7532,14.3557,14.5721,14.3338,11.4834,9.95468,5.89656,4.73263,6.90314,7.01487
sp|P09493-8|TPM1_HUMAN,TPM1,11.0563,13.7198,15.2035,13.4881,11.2214,10.7938,6.00682,4.57693,7.09369,6.83973
sp|P07951-3|TPM2_HUMAN,TPM2,10.6505,12.8724,16.4214,13.5643,13.1533,9.49122,5.378,4.44064,7.67435,6.35394
sp|P09493|TPM1_HUMAN,TPM1,10.4227,13.7477,13.1925,15.0757,11.1353,10.268,6.18756,5.18614,7.14648,7.63795
sp|P07951|TPM2_HUMAN,TPM2,10.8751,14.3022,15.2898,14.4216,12.3818,10.0165,5.48307,4.56106,6.16164,6.50716
sp|P06753-5|TPM3_HUMAN,TPM3,11.0813,15.7889,9.74542,11.4506,9.06252,10.1682,7.60765,8.18391,9.08865,7.82292
sp|Q14980|NUMA1_HUMAN,NUMA1,9.24185,9.41284,8.57506,9.55779,10.0712,10.0645,9.52352,9.6325,11.944,11.9767
sp|Q14980-2|NUMA1_HUMAN,NUMA1,9.65167,9.07574,8.60173,10.8188,9.49826,9.59227,9.02515,9.40479,13.3194,11.0122
sp|O95183|VAMP5_HUMAN,VAMP5,7.73426,9.96289,8.9536,10.2737,12.3088,9.12998,8.07796,8.77884,11.1428,13.6372
sp|O00471|EXOC5_HUMAN,EXOC5,9.87561,10.2128,9.69241,9.82345,9.94125,9.549,10.1724,10.2533,10.2357,10.2441
sp|Q92616|GCN1L_HUMAN,GCN1L1,10.2502,9.86111,11.2505,10.5624,10.5646,9.93554,9.6681,9.8578,9.0695,8.98032
sp|Q9H6L2-2|TM231_HUMAN,TMEM231,8.80996,9.7423,10.8664,9.63937,10.1241,8.85604,9.74332,11.3916,10.5246,10.3023
sp|Q9UNF0|PACN2_HUMAN,PACSIN2,9.64221,10.6559,9.10118,10.3663,9.40656,10.3569,11.0399,11.7989,8.67878,8.95332
sp|Q9BY11|PACN1_HUMAN,PACSIN1,10.8413,10.4668,9.92528,10.4478,10.541,10.2366,10.437,10.5638,8.32977,8.21079
sp|O60749|SNX2_HUMAN,SNX2,9.47675,9.50564,9.61156,9.38,10.0158,9.91839,10.6781,10.7003,10.6124,10.101
sp|Q13596|SNX1_HUMAN,SNX1,9.71038,9.14665,11.1564,10.241,10.8195,9.53274,9.28263,8.63129,11.1329,10.3467
sp|Q7Z6E9|RBBP6_HUMAN,RBBP6,10.1583,9.4355,9.7107,9.39926,9.74679,9.6958,11.5599,10.2195,10.2098,9.86443
sp|Q9UBQ7|GRHPR_HUMAN,GRHPR,9.75914,10.0473,9.19146,9.76585,9.53993,9.45359,10.7965,10.5319,10.4796,10.4346
sp|P43304|GPDM_HUMAN,GPD2,8.99212,9.00309,8.86364,9.17196,10.2204,9.5586,10.7822,10.9386,11.4603,11.0091
sp|O94855-2|SC24D_HUMAN,SEC24D,10.3727,10.4125,10.0911,10.704,10.3454,10.0587,10.257,10.7059,8.33931,8.71332
sp|P53992|SC24C_HUMAN,SEC24C,9.96709,9.52219,9.69874,9.64578,10.1443,9.82768,10.5449,10.6638,9.95578,10.0298
sp|Q9NXH9|TRM1_HUMAN,TRMT1,9.5096,9.7426,10.4178,9.536,10.4907,10.1262,9.26053,10.3276,10.0148,10.5742
sp|P29374|ARI4A_HUMAN,ARID4A,10.1435,13.9684,10.586,10.9522,8.83513,8.23946,9.70506,8.64969,9.25146,9.66906
sp|Q8N3K9|CMYA5_HUMAN,CMYA5,10.0151,10.3557,10.1336,10.7283,9.66101,10.125,8.75827,9.2858,10.4919,10.4453
sp|P49916|DNLI3_HUMAN,LIG3,8.85343,9.40102,8.96328,10.0022,10.0208,10.0206,9.96046,10.4135,11.0006,11.3642
sp|Q96JM2-3|ZN462_HUMAN,ZNF462,0,0,0,0,0,0,0,0,0,0
sp|O75061-2|AUXI_HUMAN,DNAJC6,8.78774,9.84407,9.96997,10.7376,10.8001,11.4641,9.82313,9.68025,9.08721,9.80576
sp|P51452|DUS3_HUMAN,DUSP3,10.7101,10.3267,10.615,9.71733,9.83263,9.11211,10.7587,10.3271,9.34879,9.25159
sp|Q9Y277-2|VDAC3_HUMAN,VDAC3,8.5871,7.75582,8.89968,10.6004,10.5057,10.6716,10.1081,10.3451,10.9143,11.6123
sp|Q9Y277|VDAC3_HUMAN,VDAC3,11.4936,9.96492,18.9631,9.23643,6.77201,9.44586,8.60255,10.5871,7.66713,7.26736
sp|P21796|VDAC1_HUMAN,VDAC1,8.9288,8.879,8.8659,9.31337,10.6743,10.8407,10.2478,10.5569,10.6926,11.0006
tr|M0QXA7|M0QXA7_HUMAN,WIZ,8.85852,9.40992,8.86165,10.3734,9.597,10.2604,9.91145,11.3407,10.0015,11.3855
sp|Q8TDY4|ASAP3_HUMAN,ASAP3,8.98936,10.0346,8.82678,9.34454,10.2535,9.88179,11.1784,11.8278,9.83959,9.82369
sp|Q7Z3D6-2|CN159_HUMAN,C14orf159,9.34334,8.40058,8.86984,8.87541,9.84758,10.2994,10.8979,11.4229,11.234,10.809
sp|Q9NQX3-2|GEPH_HUMAN,GPHN,9.73944,9.95436,9.4788,9.5147,10.4389,9.74678,11.1813,10.4414,10.0925,9.41186
sp|Q92979|NEP1_HUMAN,EMG1,9.22239,9.7841,8.03687,8.76151,7.99626,12.4064,9.55087,11.539,11.1531,11.5496
sp|P53814-6|SMTN_HUMAN,SMTN,9.59139,8.10164,10.1302,9.92755,9.54375,9.93377,11.8853,12.4201,9.42289,9.04342
tr|B5MCI0|B5MCI0_HUMAN,SMTN,10.2994,10.036,9.61077,9.52182,9.55213,11.1929,10.3782,11.4097,9.06858,8.9305
sp|O43395|PRPF3_HUMAN,PRPF3,9.88653,10.0503,9.24913,10.2199,9.60719,10.5329,9.87889,9.77108,10.4242,10.38
sp|O95671|ASML_HUMAN,ASMTL,9.97813,9.80531,8.90566,10.0136,9.73961,9.46375,10.8152,10.4679,10.3691,10.4418
sp|P12259|FA5_HUMAN,F5,10.1929,9.68449,9.1876,9.19074,10.539,9.36063,9.35622,9.88115,11.7403,10.867
sp|Q96ST3|SIN3A_HUMAN,SIN3A,9.04586,8.39079,8.66971,8.65724,9.80142,10.2528,9.92359,10.2269,12.6597,12.3719
sp|Q12888-2|TP53B_HUMAN,TP53BP1,9.99893,9.94281,10.1257,10.6978,10.8999,10.3153,9.9126,9.06801,9.60137,9.4377
sp|Q9H0R6|GATA_HUMAN,QRSL1,9.38054,9.35961,9.49818,9.08905,10.4629,10.1126,11.0231,10.4573,10.6203,9.99647
sp|Q96QT4|TRPM7_HUMAN,TRPM7,0,0,0,0,0,0,0,0,0,0
sp|Q9UJP4|KLH21_HUMAN,KLHL21,9.72491,9.92726,12.9392,11.5695,11.0339,10.8814,8.49911,8.7018,8.38147,8.34156
sp|P78362-2|SRPK2_HUMAN,SRPK2,10.1376,9.83338,9.70502,9.67273,10.0176,9.63677,11.1244,10.9627,9.64642,9.26345
sp|Q96SB4-3|SRPK1_HUMAN,SRPK1,9.7542,9.93963,11.1088,10.9573,10.0537,10.0168,10.3294,10.1596,8.67362,9.00689
sp|O95782|AP2A1_HUMAN,AP2A1,10.253,9.69188,10.1125,9.84529,10.2921,9.79623,9.74982,9.76803,10.1912,10.2999
sp|O94973-2|AP2A2_HUMAN,AP2A2,9.555,9.57836,9.55859,9.97787,10.0836,10.0728,10.2136,10.2823,10.1645,10.5133
sp|O94973|AP2A2_HUMAN,AP2A2,0,0,0,0,0,0,0,0,0,0
sp|Q15293|RCN1_HUMAN,RCN1,9.04967,10.1673,10.2539,11.0079,12.3811,10.6846,9.94951,8.6475,8.83039,9.02797
sp|Q9UIW2|PLXA1_HUMAN,PLXNA1,10.3499,10.4696,9.4314,9.92522,10.0021,9.67746,10.4144,9.96348,9.96166,9.80479
sp|Q9HCM2|PLXA4_HUMAN,PLXNA4,9.66367,9.2124,10.3581,10.4148,10.9038,11.7009,9.34791,9.965,9.02228,9.41107
sp|P51805|PLXA3_HUMAN,PLXNA3,9.9425,10.1415,11.6027,10.8768,10.8916,10.5485,7.43789,7.54093,10.5817,10.4357
sp|O75051|PLXA2_HUMAN,PLXNA2,10.7909,8.99462,9.75031,8.8598,9.75162,8.45189,12.0271,11.8756,9.85029,9.64778
sp|Q9UBV2|SE1L1_HUMAN,SEL1L,9.77851,10.7459,9.87277,9.424,11.5209,10.7986,9.5786,10.0936,9.31091,8.87621
sp|P30038|AL4A1_HUMAN,ALDH4A1,8.48902,8.62337,8.51219,9.60738,9.81954,10.4715,10.752,11.1595,11.146,11.4195
sp|Q9BZL4|PP12C_HUMAN,PPP1R12C,10.324,10.877,9.891,9.57029,10.5304,9.56731,10.4008,9.05127,10.328,9.45996
sp|P67809|YBOX1_HUMAN,YBX1,11.4175,8.79791,10.9216,9.72781,9.66689,11.0574,10.2816,9.55895,9.4378,9.13261
sp|P16989|YBOX3_HUMAN,YBX3,10.6154,11.1918,10.5852,10.3919,10.5075,10.3438,9.81769,9.26998,8.7074,8.56946
sp|P16989-2|YBOX3_HUMAN,YBX3,10.732,10.8712,8.30193,11.7154,10.4999,10.6385,9.89792,9.53025,8.69588,9.11701
sp|Q9Y2T7|YBOX2_HUMAN,YBX2,10.7023,9.58118,9.78776,10.5806,10.1938,10.0532,11.0349,10.2572,9.13528,8.67374
sp|Q03001|DYST_HUMAN,DST,10.4903,10.8475,10.3962,10.4056,10.2746,10.2409,9.0281,8.68059,9.69845,9.93773
sp|Q03001-8|DYST_HUMAN,DST,0,0,0,0,0,0,0,0,0,0
sp|P58107|EPIPL_HUMAN,EPPK1,10.2782,11.2384,10.6063,11.657,9.93787,10.3657,10.6983,9.8809,7.53238,7.80498
tr|E9PPU0|E9PPU0_HUMAN,EPPK1,8.49162,10.9234,11.2587,11.2739,9.80595,10.4913,10.0524,10.3915,8.2019,9.10943
sp|Q15149-3|PLEC_HUMAN,PLEC,9.81868,9.6858,10.2388,10.2008,10.1422,9.98952,9.53581,9.52652,10.5255,10.3364
sp|Q15149-8|PLEC_HUMAN,PLEC,10.0576,9.64087,10.8551,8.71515,11.2517,8.92182,9.59488,9.40887,10.7895,10.7645
tr|H0YDN1|H0YDN1_HUMAN,PLEC,11.0361,8.69674,14.0066,7.78389,9.51144,8.72125,11.8664,7.71032,10.1246,10.5426
sp|Q9UPN3-3|MACF1_HUMAN,MACF1,10.523,11.5482,10.2605,10.8238,10.0561,10.0928,9.3765,9.1146,9.02792,9.17655
tr|H3BQK9|H3BQK9_HUMAN,MACF1,10.914,11.317,10.7392,10.6833,10.1745,9.86004,9.42932,8.71347,9.21363,8.95553
sp|P46783|RS10_HUMAN,RPS10,10.8702,10.4478,10.8658,10.3427,10.1186,10.2293,10.0424,9.30764,9.00833,8.76718
tr|E9PLY5|E9PLY5_HUMAN,MACF1,11.0561,11.7101,9.92333,10.4979,10.2813,9.34089,9.87204,9.58932,9.01944,8.70952
sp|Q9NZJ9-2|NUDT4_HUMAN,NUDT4,12.3249,10.4679,8.3681,9.18449,9.5209,9.58743,9.45569,10.0581,10.7861,10.2464
sp|Q9NZJ9|NUDT4_HUMAN,NUDT4,11.1887,9.54931,8.17053,9.27533,8.75644,10.9675,9.88964,10.2906,10.8035,11.1086
sp|O95989|NUDT3_HUMAN,NUDT3,8.73885,9.20869,7.98848,10.5941,9.74204,10.9992,9.97207,11.863,8.93711,11.9565
sp|Q7Z6I8|CE024_HUMAN,C5orf24,0,0,0,0,0,0,0,0,0,0
sp|Q92805|GOGA1_HUMAN,GOLGA1,9.12992,10.3723,8.89935,10.0317,11.1927,10.3979,10.5356,10.1514,9.24236,10.0468
sp|O60784|TOM1_HUMAN,TOM1,9.68386,10.2013,9.31925,9.43536,9.93649,10.2898,10.0788,10.2684,10.2645,10.5221
sp|Q9Y573|IPP_HUMAN,IPP,9.55066,9.91527,8.54066,8.84201,10.5844,11.3467,9.9959,9.70175,11.7063,9.81638
sp|P12270|TPR_HUMAN,TPR,9.43757,10.332,9.02921,9.79675,9.64002,10.2988,9.66294,10.2186,10.667,10.9172
sp|Q15154|PCM1_HUMAN,PCM1,9.4141,11.4786,8.53796,9.91805,9.54592,9.91437,9.98197,9.93987,10.2918,10.9773
tr|E7ETA6|E7ETA6_HUMAN,PCM1,8.97468,11.6571,11.2067,10.243,8.71431,8.62323,9.64058,9.24958,11.5131,10.1776
sp|Q08357|S20A2_HUMAN,SLC20A2,9.29023,11.6486,10.2277,11.0074,9.80437,10.0058,9.7289,10.2028,8.89857,9.18556
sp|P16383|GCFC2_HUMAN,GCFC2,9.61819,10.5865,10.177,9.46587,10.7543,8.65965,10.1035,9.93844,9.37456,11.322
sp|P31327-3|CPSM_HUMAN,CPS1,8.83582,9.03088,8.19176,9.44169,9.79669,10.8972,10.4218,11.0302,10.5367,11.8172
sp|Q63HN8-4|RN213_HUMAN,RNF213,9.49256,10.2328,9.56558,9.59977,10.4918,9.53022,9.65444,9.66999,10.9368,10.8261
sp|P27708|PYR1_HUMAN,CAD,9.48382,9.62105,9.28532,9.7257,10.1449,9.45165,11.0295,10.6489,10.1859,10.4232
tr|H7BZB3|H7BZB3_HUMAN,CAD,0,0,0,0,0,0,0,0,0,0
sp|Q9UPT9|UBP22_HUMAN,USP22,9.70579,10.016,9.94883,9.17417,11.7379,8.6306,10.4369,10.1258,10.2379,9.98613
sp|A6NNY8|UBP27_HUMAN,USP27X,8.9139,10.9371,9.18856,10.4353,13.3032,11.3449,8.86459,7.48673,10.094,9.43165
sp|Q70EK9|UBP51_HUMAN,USP51,0,0,0,0,0,0,0,0,0,0
sp|Q14642|I5P1_HUMAN,INPP5A,10.6267,9.40286,9.79794,9.39128,9.65813,9.41128,10.3882,10.0315,10.8133,10.4787
sp|Q9NU22|MDN1_HUMAN,MDN1,9.10515,9.36639,9.08671,9.39724,10.0891,9.79243,9.88761,10.2492,11.8825,11.1436
sp|Q6Y7W6-3|PERQ2_HUMAN,GIGYF2,10.1847,11.0354,11.0651,10.4252,10.3323,10.1699,9.75821,8.73664,9.25603,9.03655
sp|Q969T9|WBP2_HUMAN,WBP2,10.4736,9.79144,9.85124,9.38423,10.1566,10.4986,10.782,10.2561,9.20426,9.60184
tr|E9PJD7|E9PJD7_HUMAN,CYHR1,9.15341,7.7778,8.86826,8.86383,11.1773,10.1118,10.6034,9.46548,12.146,11.8326
sp|O75569|PRKRA_HUMAN,PRKRA,8.58707,11.6751,9.85808,10.0042,10.2289,11.1759,9.1729,10.1994,9.13198,9.96648
sp|Q8N163-2|CCAR2_HUMAN,CCAR2,9.59967,9.6255,9.04499,9.72982,10.2341,9.95347,10.0464,9.89367,11.2105,10.6619
sp|P35240-2|MERL_HUMAN,NF2,9.63624,10.6767,9.98693,9.66139,10.5516,9.48986,10.1344,10.3394,10.0365,9.48702
sp|P46821|MAP1B_HUMAN,MAP1B,11.0945,12.0747,12.8241,11.8627,10.213,9.65467,11.291,8.77792,6.25361,5.95374
sp|P78559-2|MAP1A_HUMAN,MAP1A,9.96325,11.3523,12.4328,12.8745,11.5502,11.2886,8.44698,8.20972,6.91064,6.97104
sp|P55263|ADK_HUMAN,ADK,9.57399,9.68917,9.27841,9.40204,9.64782,10.0362,10.5909,10.0832,10.6841,11.0141
sp|Q2NKX8|ERC6L_HUMAN,ERCC6L,10.5428,11.1614,9.79574,10.1279,9.18879,9.69062,9.08434,9.12456,10.3665,10.9174
sp|Q08211|DHX9_HUMAN,DHX9,9.86783,9.19636,9.83736,9.70441,10.1654,9.92484,9.69389,9.55032,10.9919,11.0677
sp|P06454|PTMA_HUMAN,PTMA,0,0,0,0,0,0,0,0,0,0
sp|Q9UQ90|SPG7_HUMAN,SPG7,9.14567,8.61245,9.1369,9.39117,10.2136,9.60728,10.8409,11.078,11.0176,10.9563
sp|Q9Y2A7-2|NCKP1_HUMAN,NCKAP1,10.2586,9.03304,10.0447,9.53392,10.2345,10.1497,9.56236,10.1224,10.4726,10.5882
sp|Q2M2I8|AAK1_HUMAN,AAK1,10.1404,10.5227,10.33,9.73145,9.81683,9.95014,11.4732,11.5756,8.16274,8.29689
sp|Q9NSY1|BMP2K_HUMAN,BMP2K,9.99405,10.2248,9.3981,9.72526,8.68737,9.55031,9.36542,8.81276,12.2234,12.0186
sp|Q01995|TAGL_HUMAN,TAGLN,13.9601,14.5257,14.2757,14.9131,8.83772,8.80956,7.59261,5.8595,5.46428,5.76174
sp|P37802|TAGL2_HUMAN,TAGLN2,10.0779,11.7253,10.6464,10.3633,10.3607,10.4934,9.34823,9.62318,8.5254,8.8362
sp|Q9UI15|TAGL3_HUMAN,TAGLN3,0,0,0,0,0,0,0,0,0,0
sp|Q7Z460|CLAP1_HUMAN,CLASP1,10.0548,9.9413,9.96644,10.0468,9.74654,10.081,10.2864,10.4297,9.72946,9.71757
tr|E7EW49|E7EW49_HUMAN,CLASP2,9.53727,9.09501,9.70254,9.21806,10.4352,9.48127,10.0844,10.7472,10.8386,10.8604
sp|P09496-2|CLCA_HUMAN,CLTA,9.61013,9.9015,11.4896,10.9448,11.5275,11.2789,9.99645,8.73548,8.91642,7.5992
sp|Q0IIM8|TBC8B_HUMAN,TBC1D8B,10.7698,9.66902,10.2115,9.61423,10.7698,9.24916,10.3145,10.1304,9.22412,10.0474
sp|O95759|TBCD8_HUMAN,TBC1D8,10.0497,9.18045,9.10017,9.78982,12.1114,9.82553,9.86082,9.89713,9.5735,10.6115
sp|Q9UKK6|NXT1_HUMAN,NXT1,9.11813,9.26419,10.0803,9.64801,9.81393,9.95249,8.63628,9.98417,12.2274,11.2751
sp|P11586|C1TC_HUMAN,MTHFD1,9.28406,9.2845,8.94316,9.66114,9.89223,9.84911,11.292,11.1282,10.2867,10.379
tr|F5H2F4|F5H2F4_HUMAN,MTHFD1,0,0,0,0,0,0,0,0,0,0
sp|Q6UB35|C1TM_HUMAN,MTHFD1L,9.45477,10.6958,9.9179,10.1476,10.1706,9.86347,10.3865,10.9089,9.20133,9.25313
tr|H0Y327|H0Y327_HUMAN,MTHFD1L,0,0,0,0,0,0,0,0,0,0
sp|Q8WUM4|PDC6I_HUMAN,PDCD6IP,10.1868,10.0971,10.0375,10.0131,9.42618,9.86184,10.0877,10.1233,10.0517,10.1147
sp|Q1KMD3|HNRL2_HUMAN,HNRNPUL2,10.1097,9.7734,9.26615,9.50112,9.82354,10.1943,10.4018,9.80492,10.507,10.6181
sp|Q99707|METH_HUMAN,MTR,9.3504,8.59026,8.36395,8.39932,10.7254,10.3433,11.4074,11.2867,10.9009,10.6324
sp|O95425|SVIL_HUMAN,SVIL,10.5256,11.4237,10.6141,10.3104,9.3541,9.37042,10.1971,10.273,8.81897,9.11255
tr|F5H2Q5|F5H2Q5_HUMAN,SVIL,10.3168,12.2899,11.0668,9.98394,9.08025,9.26837,10.697,9.64024,9.24156,8.41515
sp|Q8WUB8|PHF10_HUMAN,PHF10,0,0,0,0,0,0,0,0,0,0
sp|O15120|PLCB_HUMAN,AGPAT2,8.42624,9.77786,7.83237,9.74252,9.82316,10.2059,10.4531,10.514,12.3745,10.8504
sp|Q9NVR2|INT10_HUMAN,INTS10,9.41034,9.47674,9.08887,9.66147,10.7246,9.57356,9.27248,10.7443,10.9556,11.092
sp|Q9P253|VPS18_HUMAN,VPS18,9.9777,9.83405,10.0678,10.0055,10.634,10.271,10.102,10.5045,9.62177,8.98163
sp|Q9NW13|RBM28_HUMAN,RBM28,9.43236,10.7367,9.75424,10.1509,11.1221,10.217,10.6971,10.6441,8.00775,9.23781
sp|Q9P260-2|K1468_HUMAN,KIAA1468,9.74219,9.81731,13.6382,9.65264,9.43873,8.63066,9.89014,9.57652,9.99174,9.6219
sp|Q9P260|K1468_HUMAN,KIAA1468,9.4242,10.0629,7.40745,9.32678,12.6211,9.46249,11.0977,10.0293,9.39598,11.1721
sp|O76041|NEBL_HUMAN,NEBL,10.9053,10.7738,10.1809,9.90175,9.45707,10.1377,10.9524,10.3425,8.68661,8.66203
sp|Q86VF7-2|NRAP_HUMAN,NRAP,14.4865,14.582,14.5641,13.6618,9.79733,10.0561,5.51363,5.22082,5.93734,6.18039
sp|P20929|NEBU_HUMAN,NEB,11.7537,10.4363,10.7086,9.51206,10.7995,9.1079,10.998,9.48887,9.28487,7.91026
sp|Q14847|LASP1_HUMAN,LASP1,10.3554,10.0498,9.57886,10.1843,9.35384,10.2018,10.2853,10.099,9.67805,10.2137
sp|O76041-2|NEBL_HUMAN,NEBL,10.0207,6.91131,9.98716,9.73354,10.2162,10.571,10.7266,10.8778,10.2683,10.6874
sp|Q92614|MY18A_HUMAN,MYO18A,10.4858,10.6469,11.349,10.3798,9.82603,10.2193,9.21305,9.63663,9.15129,9.09214
sp|Q5VYK3|ECM29_HUMAN,ECM29,9.82939,10.1274,10.2093,9.84314,9.76716,10.2228,9.59136,10.1978,10.2029,10.0088
sp|Q9NVM6|DJC17_HUMAN,DNAJC17,9.88675,9.2778,9.0617,9.15273,10.3017,10.2864,11.2281,10.5371,10.2707,9.99696
##sp|Q8TDB6|DTX3L_HUMAN,##DTX3L,0,0,0,0,0,0,0,0,0,0
sp|Q9UHV9|PFD2_HUMAN,PFDN2,9.59134,10.49,10.3613,10.4307,10.9434,9.612,9.94094,9.51078,9.63278,9.4868
sp|O94906|PRP6_HUMAN,PRPF6,9.3004,9.58685,9.45388,9.99964,10.191,9.82975,10.1056,9.85173,10.9149,10.7662
sp|P00390|GSHR_HUMAN,GSR,10.0025,9.46356,9.81772,9.79095,9.30861,9.37105,10.8582,10.6961,10.4658,10.2255
sp|P35232|PHB_HUMAN,PHB,9.16856,9.85001,8.86893,9.75674,9.93834,10.3453,10.6541,11.1292,9.95802,10.3309
sp|O94822-3|LTN1_HUMAN,LTN1,10.0206,9.6744,10.3493,10.6434,10.4145,9.9912,10.1178,9.86973,9.22791,9.69115
sp|P54707-2|AT12A_HUMAN,ATP12A,11.7079,10.7551,10.1699,10.104,9.05888,9.29374,9.55043,9.5909,10.2015,9.56775
sp|P05023|AT1A1_HUMAN,ATP1A1,11.0537,10.8835,9.93626,10.6331,9.2844,9.1451,9.02724,9.18319,10.4688,10.3848
sp|P13637-3|AT1A3_HUMAN,ATP1A3,10.669,10.254,8.8822,9.97496,9.12767,9.237,10.3603,10.9005,10.0973,10.4971
sp|P50993|AT1A2_HUMAN,ATP1A2,12.2942,11.3328,9.97253,10.8384,9.30816,8.6588,8.6393,9.55735,9.68377,9.71463
sp|Q5JVF3|PCID2_HUMAN,PCID2,9.77848,9.39622,9.47635,8.92492,10.3978,9.50916,8.23724,10.9146,11.176,12.1893
sp|Q9BUK6|MSTO1_HUMAN,MSTO1,9.37509,10.3881,9.84297,10.2636,10.0946,10.1474,10.2507,9.912,9.75812,9.96739
sp|P55196-5|AFAD_HUMAN,MLLT4,10.2254,10.1066,10.7002,9.95063,9.69284,9.69269,9.8507,8.93808,10.4112,10.4317
sp|P55196-1|AFAD_HUMAN,MLLT4,0,0,0,0,0,0,0,0,0,0
sp|Q6P0Q8|MAST2_HUMAN,MAST2,9.33298,11.0478,9.37559,9.31513,9.95965,10.6023,10.68,10.2425,9.44847,9.99556
sp|Q15418-2|KS6A1_HUMAN,RPS6KA1,10.6095,9.75338,9.85669,9.6185,9.77986,9.9094,10.8724,10.366,9.64657,9.58763
sp|Q15349-2|KS6A2_HUMAN,RPS6KA2,10.1428,9.37997,10.337,10.0964,10.4233,9.59064,11.0093,10.4353,9.14242,9.44292
sp|P51812|KS6A3_HUMAN,RPS6KA3,10.2045,10.2961,9.76616,9.88942,10.3183,10.1108,9.74214,10.1006,9.72783,9.84408
sp|O60307|MAST3_HUMAN,MAST3,0,0,0,0,0,0,0,0,0,0
sp|Q86UE8|TLK2_HUMAN,TLK2,10.1527,10.9727,9.38765,10.4755,10.8415,10.8636,8.96914,9.83437,9.09363,9.40919
sp|O15021|MAST4_HUMAN,MAST4,9.652,9.62384,10.3005,10.7068,10.3499,10.3095,9.96407,9.87958,9.92511,9.28876
sp|Q9UKI8-2|TLK1_HUMAN,TLK1,0,0,0,0,0,0,0,0,0,0
sp|Q8IW41|MAPK5_HUMAN,MAPKAPK5,9.3819,8.1837,9.77831,10.0412,10.0497,9.93664,10.3982,9.93342,11.8153,10.4817
sp|Q96I15|SCLY_HUMAN,SCLY,9.60662,9.87582,8.01605,9.33948,9.81069,10.8923,9.43306,9.58847,10.8616,12.5759
sp|Q08379|GOGA2_HUMAN,GOLGA2,9.88685,10.5573,10.1744,10.5376,11.1947,10.4899,9.78673,9.92281,8.64772,8.80205
tr|B7ZC06|B7ZC06_HUMAN,GOLGA2,9.42902,8.99516,9.2951,9.62751,9.66171,12.3137,10.8002,9.67277,11.0838,9.12102
sp|Q9NVV4|PAPD1_HUMAN,MTPAP,9.11733,9.18131,8.83564,9.63305,10.4238,10.048,10.6221,10.7106,10.4901,10.9379
sp|P78318|IGBP1_HUMAN,IGBP1,10.1075,10.5488,9.98245,9.92911,10.4563,10.2595,10.1629,8.74424,9.74713,10.0622
sp|P33176|KINH_HUMAN,KIF5B,10.6341,10.7678,10.1718,10.4545,9.58284,9.64878,9.77692,9.87436,9.61154,9.47734
sp|Q12840|KIF5A_HUMAN,KIF5A,10.5255,11.152,10.1755,10.6563,9.42049,9.47225,10.0207,10.081,9.02941,9.46675
sp|Q6ZVM7|TM1L2_HUMAN,TOM1L2,9.64198,11.4108,9.82681,10.6008,9.74989,10.2855,9.48358,9.71869,9.21676,10.0652
tr|B7Z2L7|B7Z2L7_HUMAN,TOM1L2,9.71457,12.2949,8.73597,9.91984,9.58635,9.69933,12.2573,8.36889,8.48718,10.9356
sp|Q9UN66|PCDB8_HUMAN,PCDHB8,8.54836,9.65576,10.4047,10.6574,12.0618,11.5287,8.54288,8.23178,10.6278,9.74078
sp|Q9UN67|PCDBA_HUMAN,PCDHB10,0,0,0,0,0,0,0,0,0,0
sp|Q9Y5E7|PCDB2_HUMAN,PCDHB2,0,0,0,0,0,0,0,0,0,0
sp|Q9Y5G8|PCDG5_HUMAN,PCDHGA5,0,0,0,0,0,0,0,0,0,0
sp|Q9Y5F6|PCDGM_HUMAN,PCDHGC5,0,0,0,0,0,0,0,0,0,0
