DMSO_1,DMSO2,Erlotinib1,Erl2,Lap1,Lap2,Sor1,Sor2,Sun1,Sun2
9.89743,9.3676,10.0167,10.4932,9.9067,9.6087,9.38695,10.3131,10.7652,10.2445
10.1473,10.1913,9.4783,9.07572,9.71667,9.89857,10.1963,10.931,10.1911,10.1737
9.13687,10.6757,10.4034,9.96057,10.5612,10.293,9.04238,8.39468,11.1903,10.342
10.2955,10.0628,10.2634,10.1807,10.4693,10.8618,9.7028,9.91722,9.32869,8.9178
9.81066,9.59639,10.1516,9.36282,9.47714,9.52137,10.0624,10.9016,11.1087,10.0074
9.93074,9.97904,9.68163,9.4771,10.1362,9.39962,9.34494,9.862,11.1053,11.0835
8.77847,9.18979,10.5809,9.80719,10.2636,10.6603,9.50412,8.96169,11.545,10.709
10.4611,9.63826,9.42248,8.82885,7.75371,8.43335,10.768,10.5168,12.0789,12.0985
9.19465,10.1492,10.2664,9.75902,10.0207,10.2116,9.9877,9.58845,10.4656,10.3567
9.24522,8.37773,10.1756,9.634,9.61644,10.6863,9.71619,10.2044,11.5983,10.7458
9.76475,9.562,11.0799,9.3996,9.40464,9.54828,9.58897,10.1837,10.5536,10.9144
10.8174,10.224,10.0355,9.92533,8.96849,9.38938,9.54398,9.37564,11.0014,10.7188
7.8505,8.30223,10.4393,10.0766,9.05828,9.59609,7.83731,8.15798,13.8366,14.8451
10.8501,10.6398,7.3416,7.32217,6.63961,7.30378,11.6228,13.3381,13.4658,11.4763
9.83914,10.0989,9.61368,9.99824,9.72219,9.60646,10.7693,10.5918,9.72365,10.0366
9.27273,8.64712,9.24196,9.37846,10.9812,10.6474,11.8729,11.6572,8.54129,9.75975
9.88838,9.2154,9.98054,9.2026,10.5551,9.83106,10.2704,10.2105,10.3551,10.491
9.77927,10.0117,10.0686,9.70727,9.76028,9.93128,9.05485,10.0502,11.0795,10.5571
NaN,NaN,NaN,NaN,NaN,NaN,NaN,NaN,NaN,NaN
11.668,11.5939,10.2651,11.0655,11.1408,10.4444,7.79332,7.76875,9.20207,9.05814
15.8774,15.4945,10.3205,10.0277,9.58936,7.79572,8.29757,7.68484,7.48646,7.42602
9.28099,10.4838,11.317,10.2688,9.78382,9.9135,8.51327,7.70068,11.5661,11.1721
10.371,9.63673,10.6387,10.9837,10.0692,9.57472,8.51039,8.59245,11.2421,10.3811
10.7287,9.42371,9.72458,8.70224,10.2064,10.2919,9.38649,9.28559,11.4388,10.8116
9.09622,9.04363,9.96865,10.0447,10.7336,11.0858,10.3105,10.1323,9.46157,10.123
NaN,NaN,NaN,NaN,NaN,NaN,NaN,NaN,NaN,NaN
10.1061,10.3462,10.3265,10.4091,9.94623,9.49884,10.5207,10.9015,9.21574,8.72908
8.952,9.23871,9.70115,9.77153,10.342,9.95329,11.2526,11.5683,9.62657,9.59378
9.67077,7.77027,9.42749,11.4935,10.7833,11.8441,9.89923,9.64412,9.3678,10.0994
10.2623,9.51496,9.63267,10.3668,9.10066,10.3421,10.205,10.0958,10.3587,10.1209
9.34819,8.95976,9.09967,9.17659,9.28589,10.3651,10.1735,10.8098,11.2326,11.5488
10.216,10.2468,10.1004,9.88862,9.57843,10.1425,11.1289,10.3244,9.50873,8.86513
10.4557,9.84687,9.87337,10.4062,10.2838,10.0182,10.5405,10.4291,9.09551,9.0507
10.0851,9.55051,9.31373,9.56988,9.04365,9.64906,11.4433,11.2406,10.1601,9.94409
10.1565,9.46598,9.07484,9.01902,9.30011,10.7935,10.9009,10.9668,10.6474,9.67497
11.0119,9.91021,9.82748,11.4589,11.6313,10.4465,10.3401,8.47801,8.38967,8.50589
NaN,NaN,NaN,NaN,NaN,NaN,NaN,NaN,NaN,NaN
8.86045,9.51207,9.33574,8.87047,8.72144,9.3932,9.49501,10.5652,12.3549,12.8916
11.1134,11.7949,10.5041,9.60129,8.63109,10.1411,8.55582,8.79869,10.3461,10.5134
9.74438,10.1488,8.32988,9.4458,9.44982,9.5445,12.4225,12.1121,9.88034,8.92196
9.46533,10.1732,8.46283,8.92285,9.95332,10.6197,11.7946,11.8284,8.98465,9.79516
10.3477,10.672,10.2395,9.80085,10.1245,9.93635,9.1014,9.20711,10.1741,10.3964
9.40084,9.57633,10.3482,9.96212,10.0319,10.2916,8.64423,8.96763,11.1931,11.584
8.65532,9.10356,10.0632,9.78347,11.1638,10.492,8.50903,8.41002,11.3223,12.4973
10.5646,10.3466,8.60535,10.6014,10.8423,10.8025,9.06826,9.09001,9.94715,10.1318
10.5498,10.2826,9.85873,8.73802,11.204,8.76358,9.55042,9.87504,11.206,9.97173
9.73858,9.28397,8.21396,9.48483,9.00256,11.3484,10.7623,9.13716,12.2414,10.7869
9.01911,9.29306,9.657,9.41037,10.2188,10.2209,9.94717,10.5978,10.7934,10.8423
9.88088,9.66926,10.6678,9.73032,10.0694,10.6219,10.5259,10.0739,9.32178,9.43901
10.0932,10.067,10.468,9.84571,9.83095,9.64528,10.4342,10.7272,9.3304,9.55806
9.79064,10.2292,9.05502,9.15781,10.5815,10.08,10.5323,10.4082,10.1768,9.98857
11.0033,11.6197,9.97309,9.90961,10.4548,10.2246,9.63814,9.72334,8.83755,8.61598
11.8511,11.9984,10.8276,10.6402,9.65205,7.67314,8.66114,9.82915,10.0826,8.78461
9.23022,10.9849,10.702,9.92341,10.3425,9.46155,8.75435,9.48481,10.7061,10.4101
10.1512,10.1639,10.5972,9.97257,10.2645,9.85596,9.49624,9.63032,9.97809,9.89003
8.85818,8.9222,12.3265,11.6658,10.021,10.5153,9.63601,9.40441,8.51911,10.1316
11.212,10.3492,10.4549,10.4624,10.117,9.72559,9.73024,9.53755,9.27968,9.13136
8.24419,8.47876,11.5511,10.6347,10.4196,10.7036,10.8188,10.0381,9.30816,9.80312
9.82899,9.41551,9.65919,9.06843,9.26988,9.32194,11.2425,10.8961,11.0166,10.2807
10.817,11.3027,10.4549,9.5996,9.80032,8.8328,10.9661,11.6125,8.32797,8.28617
9.18429,9.42935,9.97493,9.41211,10.1856,10.3062,10.1643,10.7887,10.1168,10.4376
9.29217,8.86011,9.78803,9.69137,11.8655,11.6293,9.5134,8.90637,9.46086,10.9929
9.99923,10.0475,10.3665,11.0417,9.91894,9.51318,10.2568,10.1716,9.42568,9.25891
9.62129,9.96775,9.80348,9.72696,10.0395,9.9176,9.7337,10.0919,10.589,10.5089
11.0404,10.3477,10.4651,10.644,8.68014,10.0981,11.8952,10.2204,7.9763,8.63272
9.63278,9.56334,9.84741,9.03687,9.41628,11.1452,11.2311,10.4765,9.6001,10.0504
9.67478,10.0365,9.6061,9.91847,10.2899,9.9868,11.0099,11.5892,8.95956,8.92881
9.0165,10.2921,8.77673,9.31833,9.45443,9.19916,10.9662,11.8599,10.7395,10.3772
10.2519,11.0818,12.0049,10.5035,10.629,10.7632,10.4231,8.97156,6.64832,8.72273
9.10703,9.49895,11.1507,10.644,9.35514,9.04194,9.25135,10.9078,10.7022,10.3409
9.98974,9.86533,11.1053,10.5461,10.4977,10.0179,9.52219,8.87486,9.29949,10.2812
11.5579,12.4626,9.59283,9.67952,9.66325,8.95568,8.65046,8.7218,10.8794,9.83656
9.44993,9.47259,9.76667,8.95999,10.4859,10.1064,9.43525,9.7035,11.2169,11.4028
8.5147,8.97497,9.38292,9.1751,10.1197,10.1056,9.37792,9.85251,11.7489,12.7476
9.13387,8.55119,9.37985,9.05878,10.5627,10.8608,10.7512,10.2731,10.9929,10.4357
9.79463,10.1878,9.84157,9.34836,9.91605,9.14892,11.429,11.4559,9.40088,9.47681
11.3842,10.9208,10.3513,10.848,10.2316,9.00424,9.33834,7.81526,10.4392,9.667
10.936,10.125,10.3556,10.9869,9.29651,10.3051,9.9852,8.5807,9.34892,10.0801
11.1303,10.7306,12.0391,11.9111,10.4163,9.15079,8.58773,7.21745,8.98644,9.83022
10.19,9.90419,10.1043,8.71214,8.79139,10.1622,12.0197,9.40973,10.6959,10.0105
11.288,10.4547,9.34515,8.39882,8.39629,10.0331,12.6797,9.81853,9.62415,9.96155
13.6153,14.2026,9.51595,9.52075,10.2582,8.35442,8.30088,8.33441,9.58768,8.30982
10.5613,9.14159,9.37594,8.52119,8.6095,11.8223,12.4341,9.80071,9.79467,9.93861
9.7461,9.5926,9.54751,9.47236,10.4144,9.52033,10.9372,10.6006,9.86011,10.3088
9.3917,9.39932,9.22834,10.715,9.56893,9.89174,10.8145,10.0537,10.9102,10.0266
9.63465,10.3014,9.36767,9.73993,9.80481,9.34266,10.2561,10.6623,10.8598,10.0307
NaN,NaN,NaN,NaN,NaN,NaN,NaN,NaN,NaN,NaN
7.52634,11.4721,10.0196,10.9324,10.3256,9.15578,9.07249,10.0367,11.7998,9.65924
9.78835,9.87376,10.3107,9.9482,9.87497,9.91917,10.9654,9.86025,9.8722,9.58696
10.3321,10.0298,10.5637,10.1058,10.1274,9.84283,9.3187,9.76027,9.9858,9.93363
9.72861,9.81886,10.0717,10.0184,10.0898,10.2884,9.83966,9.96555,9.8246,10.3543
8.80391,9.65698,9.16226,9.03891,9.99024,9.81644,9.53544,10.7438,11.931,11.321
9.31859,10.0726,10.3105,9.64275,11.5291,11.0233,8.82522,9.53116,10.2815,9.46529
10.6222,11.1,9.7239,9.24264,9.59405,9.07156,9.74168,10.1509,10.699,10.0541
10.4847,9.87908,10.2852,10.1494,8.3686,10.9345,12.0503,10.4981,8.1494,9.20082
10.9906,10.1485,9.97208,9.39925,8.89112,8.98403,11.4784,10.9317,9.95111,9.25323
10.0236,8.90425,10.3356,8.65035,9.19021,9.72047,10.7291,10.3589,10.6754,11.412
9.10649,9.97894,8.81342,8.09188,9.26307,11.8345,11.5283,9.95197,10.3053,11.1261
9.46695,9.51689,9.98043,10.1258,9.99595,9.75473,10.7279,10.8683,9.94636,9.61666
8.2715,8.84734,9.84009,10.1181,10.2745,10.4238,10.2537,10.178,11.2271,10.5659
9.97092,9.92689,9.55375,9.85258,9.62704,9.59484,10.8269,10.8681,10.1271,9.65184
9.8152,9.39367,9.92674,9.71859,10.373,9.64861,10.0762,10.3926,10.4493,10.2061
9.67352,9.72578,9.63021,8.88679,9.64393,9.98266,10.8848,11.0007,10.1249,10.4468
10.0817,9.73366,9.77895,9.06969,10.3181,9.90901,10.1654,9.96517,10.5056,10.4726
9.79493,10.0525,9.05075,9.49787,9.87809,10.0727,10.0781,10.9767,10.3296,10.2688
9.07583,9.20981,9.31752,8.96329,9.87152,9.73707,10.9191,11.8063,10.5307,10.5688
9.25089,9.01737,9.2913,9.34023,9.90782,9.83573,11.7923,12.0028,9.406,10.1556
9.73175,9.93342,9.27844,9.24809,9.70042,10.899,10.2551,10.0439,11.2797,9.63026
11.8154,10.2655,10.2912,9.58034,9.12482,9.43996,9.5959,10.5861,9.68674,9.61411
10.1046,10.0751,9.67017,9.46097,9.62605,9.40295,10.2563,10.6154,10.6946,10.094
10.0418,9.84016,9.62487,9.86032,9.34023,10.4327,10.1426,9.90792,10.2942,10.5152
8.2838,10.1286,9.9117,7.82215,9.9171,8.73237,11.9261,10.8521,11.2116,11.2145
9.05915,9.21006,9.83792,9.34717,10.3726,10.3934,10.1575,10.8983,10.2202,10.5037
9.76842,9.96206,8.71136,9.06984,9.23882,9.53656,9.99217,10.5237,11.833,11.3641
9.41745,9.75078,9.92233,9.90556,10.0738,10.1034,10.1646,10.832,10.1723,9.65772
NaN,NaN,NaN,NaN,NaN,NaN,NaN,NaN,NaN,NaN
NaN,NaN,NaN,NaN,NaN,NaN,NaN,NaN,NaN,NaN
NaN,NaN,NaN,NaN,NaN,NaN,NaN,NaN,NaN,NaN
10.1225,10.0084,10.7805,9.94602,10.9852,10.728,9.93469,9.50234,8.98395,9.00846
8.90292,7.99522,8.98223,9.84932,9.85648,11.3777,9.6039,9.27961,11.6621,12.4905
9.16445,10.6681,9.86285,11.1946,10.2437,9.25063,8.50545,6.00207,12.631,12.4771
6.92656,9.0812,10.1084,9.96003,8.87524,10.721,7.08963,8.60874,13.1338,15.4954
10.3857,10.1554,10.3319,9.61369,9.86242,9.50663,10.2351,10.0616,10.0323,9.81529
NaN,NaN,NaN,NaN,NaN,NaN,NaN,NaN,NaN,NaN
NaN,NaN,NaN,NaN,NaN,NaN,NaN,NaN,NaN,NaN
9.8764,10.5958,10.1154,9.84601,9.91006,9.35855,10.0939,10.5469,9.93454,9.72239
9.27707,9.4164,10.9195,10.1504,10.4282,10.356,10.2888,9.94523,9.15076,10.0677
8.06325,9.97232,9.42284,9.6895,9.24015,12.0455,7.95377,9.83222,11.6269,12.1535
12.6731,12.912,9.2053,8.25098,10.7864,9.20518,8.12791,8.73069,10.7016,9.40691
11.1215,11.9206,9.091,9.34552,9.43747,9.48427,8.81232,9.9849,10.7661,10.0363
10.1899,10.0381,10.1296,9.99498,10.2192,9.65655,10.2221,10.1676,9.87143,9.51065
9.89382,10.5482,9.2919,10.0935,9.49409,9.66538,10.6192,10.9889,9.94612,9.4589
10.0566,10.2339,9.54847,7.26076,11.1607,9.66348,8.95079,11.4186,11.7973,9.90938
10.6919,12.2914,8.7141,7.87092,6.44543,6.90816,8.53981,9.52095,14.9936,14.0237
11.4329,12.1446,11.116,8.87498,9.71655,8.21924,9.15963,10.3863,10.1386,8.81117
9.78424,10.0637,9.70583,9.89942,9.8728,9.96406,9.59758,9.93908,10.4602,10.7131
9.80678,10.0404,9.8298,10.7292,8.94261,9.10531,10.8708,11.0087,9.90049,9.76595
10.2249,10.1927,10.3307,9.77874,10.2931,9.75563,10.0575,10.085,9.77162,9.51011
10.1768,9.94555,10.7666,10.7614,10.0607,10.0247,8.18585,8.76389,10.6844,10.6302
NaN,NaN,NaN,NaN,NaN,NaN,NaN,NaN,NaN,NaN
9.7032,10.359,10.2419,9.5352,9.73296,9.82362,9.85221,10.1354,10.3186,10.2979
10.014,10.5762,9.70776,10.0436,10.3528,9.01295,9.3709,9.33246,10.6557,10.9336
10.5625,10.7144,10.277,9.48257,11.0837,9.74687,10.4071,8.94398,9.95514,8.82671
10.9492,10.3626,9.87322,9.29882,10.054,10.8471,9.2107,9.34021,9.4107,10.6534
9.795,10.1933,9.6576,9.90431,9.96308,9.51185,10.6029,10.5721,10.0449,9.75498
NaN,NaN,NaN,NaN,NaN,NaN,NaN,NaN,NaN,NaN
9.74574,9.81025,8.78076,9.59966,8.74919,9.97372,12.8155,10.9216,9.90488,9.69872
10.0689,10.7569,10.0046,9.54165,10.1043,10.178,8.64427,9.48034,10.6242,10.5969
10.0486,10.7255,11.9136,10.4167,10.1835,10.3492,8.00418,8.20294,9.00969,11.146
9.20032,9.44941,9.67324,9.42341,10.3743,10.2679,10.067,10.7058,10.4174,10.4212
9.70178,9.76053,10.2437,9.70737,10.3495,9.80149,9.20581,9.84847,10.6786,10.7028
10.0107,10.1781,10.0334,10.3006,10.233,9.51699,10.609,10.4395,9.66746,9.01116
10.1569,10.0002,10.1968,9.85647,9.40096,9.654,10.3705,10.0468,10.1972,10.1202
10.0453,10.2832,9.95144,9.83448,9.56956,9.68657,10.1616,10.2479,9.8196,10.4004
10.3756,10.7434,9.48922,9.58565,9.47925,9.07434,10.5902,10.8792,10.0801,9.70307
9.39146,9.76065,9.89177,9.74956,10.1257,9.9859,10.8304,11.3323,9.24057,9.69165
8.85192,9.3558,9.8622,9.3899,10.4178,10.6371,8.08374,8.81907,12.9015,11.681
10.7444,11.1461,11.5541,9.68925,8.99428,11.545,7.19617,6.59354,10.8069,11.7303
9.86784,9.9641,10.5044,10.7654,10.2271,10.4657,8.32556,8.1136,10.5554,11.211
9.65561,9.68003,9.9789,10.1838,10.2091,10.0758,8.70168,8.93843,11.1939,11.3828
9.27227,10.0086,9.74076,9.64556,10.1388,10.2622,9.86213,9.90344,10.807,10.3592
9.57208,9.83785,10.1744,9.98324,10.0613,9.86578,9.20876,9.72344,10.8356,10.7376
9.65664,10.1502,10.3142,10.0833,10.0284,10.2485,9.18652,9.53013,10.3575,10.4446
9.52525,9.80921,9.95217,9.62871,9.98044,9.74352,9.30293,9.75726,11.2483,11.0522
9.86461,10.2697,9.36594,9.31991,9.70497,9.57608,10.0056,10.6787,10.766,10.4486
10.8635,11.2236,9.77343,8.68874,11.066,10.3356,6.06366,8.37083,11.4168,12.1979
9.40897,11.5314,8.85454,5.63015,13.0126,8.18718,5.56975,12.7512,13.4297,11.6245
10.4936,10.5631,10.4819,10.5608,10.2476,9.91248,9.98578,9.92607,8.60126,9.2274
10.747,11.1849,9.96957,10.1291,9.79001,9.03615,10.6765,10.0523,9.42271,8.99179
9.91271,12.953,8.76042,10.9679,9.12412,9.09773,9.23958,10.6657,9.82645,9.45242
10.6656,10.1546,9.40059,9.97769,8.91195,9.71726,11.2966,10.2771,9.86425,9.73436
9.75699,10.0925,10.1229,9.19913,10.0361,9.47431,10.0849,10.5076,10.4849,10.2406
10.1186,10.0411,9.48417,9.53652,9.25076,10.7748,10.7473,10.2873,10.0813,9.6782
9.08051,9.10299,10.5773,9.60343,10.5286,10.5844,10.0889,10.4082,9.59369,10.432
10.1592,9.62119,11.7959,12.2174,9.61461,10.1614,9.9068,9.56848,7.38208,9.57287
9.64806,10.1126,9.69714,9.72203,10.1468,10.0945,9.74206,10.328,10.2445,10.2644
9.21819,9.03541,9.68605,9.9812,9.73952,10.0669,10.9854,11.2904,10.1628,9.8341
10.225,10.3435,10.5877,10.0615,9.81196,9.81908,9.86072,10.1977,9.6307,9.4622
9.08846,9.57059,9.95072,9.62861,10.0591,10.2076,10.3088,11.0982,10.0758,10.0121
9.78369,9.64015,9.36804,9.48053,10.3684,9.91082,9.86759,10.1004,10.481,10.9995
10.6216,10.1142,9.07227,9.4138,10.0386,9.27232,11.3134,10.7047,9.97977,9.46935
9.46456,9.8928,9.93973,10.1772,9.12889,9.81719,8.88666,8.67107,12.0249,11.997
NaN,NaN,NaN,NaN,NaN,NaN,NaN,NaN,NaN,NaN
10.5448,10.3128,9.70221,9.22561,10.0443,9.6218,10.6413,9.9054,9.95474,10.0471
10.064,10.1233,10.3646,10.0153,10.5953,9.82867,9.92347,9.54866,10.0235,9.5132
11.0296,10.8018,10.0901,9.10615,10.1116,9.12005,9.7291,9.51497,10.6049,9.89167
10.5828,11.0092,10.0467,10.1535,9.84533,9.23704,9.74819,9.7293,9.75838,9.88951
10.177,10.6959,10.0217,9.6462,10.0687,9.51739,9.41975,10.2327,10.1523,10.0684
11.1972,10.1487,10.3956,9.22796,8.4304,9.85222,11.6685,10.2125,9.58122,9.28561
10.1132,9.9251,9.45723,9.32127,8.65246,9.66605,11.3591,11.3704,9.89959,10.2355
9.55402,10.6257,7.87407,8.83341,9.17285,10.0102,10.453,10.5723,11.7969,11.1076
9.53834,9.91606,10.817,9.16844,10.3664,10.3097,8.87473,9.21891,10.837,10.9534
9.65751,9.75134,9.97275,9.91807,10.7106,10.2178,9.7958,9.66721,10.3298,9.97916
8.76526,9.53229,10.248,10.3955,10.7623,10.1974,9.72688,9.99856,10.1022,10.2716
10.0303,10.2945,10.19,9.75096,10.7624,9.89747,9.24075,10.0805,10.2797,9.47357
10.6769,10.7401,10.1135,10.2247,10.0835,9.40221,10.2151,9.86313,9.75493,8.9261
11.4558,11.0722,10.5074,9.06205,10.2619,9.68963,10.2451,9.35646,9.85349,8.49608
10.6118,10.6939,10.7343,10.5523,9.51726,9.46985,9.15311,8.85313,10.1946,10.2197
9.37896,10.0103,9.50744,9.40589,9.37997,9.59397,10.3653,10.7663,11.0832,10.5087
9.82838,9.70989,9.79719,9.94784,9.71382,9.73038,9.56992,10.1688,10.6987,10.8351
9.03137,9.64461,9.57034,9.23069,10.2468,10.1176,10.3608,11.1978,10.2182,10.3818
10.3426,10.4749,9.74492,9.41964,9.67686,9.29831,10.4776,10.2152,10.4092,9.94065
11.0973,11.0907,11.5895,12.2152,10.259,9.24372,8.60717,8.10759,8.87198,8.9178
13.3752,11.9662,11.406,13.3849,11.4935,9.80607,9.43509,6.65351,6.19974,6.27973
11.6523,11.4128,8.96292,10.3998,10.8685,9.65173,11.8726,9.19534,8.60194,7.38212
9.95696,10.4381,10.0231,9.80298,9.47478,9.57332,10.3594,10.1761,10.0161,10.1791
9.73317,10.8703,8.72755,9.14343,9.50493,9.79759,11.8488,11.4143,9.70736,9.25257
10.3108,10.1234,10.3333,10.798,10.6712,9.98432,9.15942,9.11604,9.70296,9.80054
10.1422,9.54482,10.9238,10.3939,10.6923,10.2108,9.64271,9.8812,8.82616,9.74211
11.801,10.6605,6.02295,9.39269,6.89631,19.3464,12.1158,4.40602,8.22125,11.1372
11.0122,10.6242,6.52669,9.02051,7.48429,18.2097,11.0118,5.74752,8.50183,11.8613
10.262,10.0891,7.18757,8.90713,8.66148,18.3677,10.4139,5.45934,9.1526,11.4991
11.4777,10.558,5.98617,9.4545,6.83642,19.2387,12.1262,4.64976,7.99706,11.6754
12.2967,10.966,7.17095,9.14617,8.26887,18.0872,10.7296,5.08673,8.0669,10.1809
NaN,NaN,NaN,NaN,NaN,NaN,NaN,NaN,NaN,NaN
9.32975,9.88165,9.70423,9.24496,9.37524,9.9831,8.94839,10.143,11.6149,11.7748
11.1856,9.98552,9.68074,9.13118,9.33864,8.35982,9.96939,9.36024,10.8915,12.0974
11.1331,8.59683,8.84157,8.62156,9.67724,14.7228,9.09166,6.80931,12.8909,9.61508
10.3002,9.69259,9.37566,9.89723,8.34137,10.1591,12.0349,10.4897,9.73931,9.96991
10.1761,9.94479,10.3652,10.4931,9.79496,9.575,10.4601,10.4169,9.56104,9.21284
NaN,NaN,NaN,NaN,NaN,NaN,NaN,NaN,NaN,NaN
10.8864,11.2539,10.1959,10.0946,9.42652,9.50009,10.6129,10.7397,8.32929,8.96071
10.5119,11.0179,10.6226,10.8146,10.5355,9.62114,10.1229,10.3571,8.30631,8.09011
9.93538,9.89915,9.73946,9.71457,10.1614,10.1239,10.7407,10.5812,9.28841,9.81576
9.46547,9.76615,9.98163,9.91167,9.9405,9.83498,9.85698,9.8303,10.9135,10.4988
9.77303,10.3261,9.93705,9.49871,9.76646,9.81029,9.89661,10.744,9.59956,10.6482
9.59396,10.3265,10.267,9.3924,9.72927,10.1396,9.68677,10.2869,10.2585,10.3191
9.03501,8.95396,9.54972,9.67021,10.1709,10.4214,10.1719,10.5858,10.5788,10.8622
10.4766,10.5125,9.50484,9.99306,10.3636,9.7844,10.0267,9.91861,10.0057,9.41405
9.80094,9.76014,10.2904,9.86718,10.2516,9.90246,9.8464,10.0239,10.2175,10.0396
9.49337,9.12963,10.7609,9.52156,10.3708,9.88288,10.0286,10.7029,10.2375,9.87191
NaN,NaN,NaN,NaN,NaN,NaN,NaN,NaN,NaN,NaN
10.4459,10.6171,10.3651,10.4615,10.3801,10.0246,8.59811,8.85397,10.0788,10.1748
9.52993,9.26682,10.0624,9.80715,9.57254,10.0654,9.89159,10.4646,10.3907,10.9488
10.447,9.70513,10.6174,10.2745,10.7247,11.1198,9.10002,8.2607,10.3056,9.44508
10.6306,9.4264,9.75082,9.94137,11.2163,10.5912,9.20051,9.25996,10.2093,9.77362
11.1805,10.0671,10.3566,10.719,9.5842,9.88985,10.6477,9.81875,9.28321,8.45312
9.2649,9.08245,10.0659,9.42337,11.1277,10.8898,9.81733,10.0181,10.0712,10.2392
NaN,NaN,NaN,NaN,NaN,NaN,NaN,NaN,NaN,NaN
9.2417,9.30501,9.8715,9.75601,10.808,10.8173,9.89671,10.0177,10.1874,10.0987
9.30704,10.0597,10.2145,9.8315,9.47924,9.3889,9.9913,10.8143,9.6102,11.3032
9.88649,10.2244,10.4719,9.56649,9.28385,9.11255,10.6418,10.8592,10.557,9.39635
9.00523,9.04776,9.35371,8.77802,9.89081,10.7168,10.5126,11.6779,10.5355,10.4816
10.0258,10.5121,9.08253,9.53382,10.5624,10.0816,11.0895,10.8356,9.36629,8.91033
9.08142,9.56601,10.2137,9.66951,9.95541,9.59783,10.7667,11.333,10.0439,9.77247
11.2438,11.2661,8.29107,8.48205,11.027,9.15566,12.2729,11.2509,9.11894,7.8915
10.5115,11.1813,9.58861,9.53822,10.1925,10.6048,11.1183,10.1569,8.42056,8.68736
9.45848,9.60511,10.0834,10.0987,9.45867,9.5039,10.3996,10.3877,10.7887,10.2159
9.97118,10.2542,9.69897,9.69133,9.8694,9.30527,9.88507,10.7864,10.5506,9.98758
9.91249,9.24462,10.1494,9.96382,9.75615,10.8665,8.86738,9.65158,10.8492,10.7388
9.80609,9.70012,9.31279,9.06161,9.60566,9.75312,10.1143,10.3119,11.2207,11.1137
9.96743,10.6941,10.2862,9.8553,9.78976,9.76717,9.5317,10.4906,9.9352,9.68245
8.93992,9.38208,9.2356,9.40421,10.3481,9.77928,11.3631,12.0392,9.99698,9.51158
NaN,NaN,NaN,NaN,NaN,NaN,NaN,NaN,NaN,NaN
8.50901,10.1049,10.8807,11.762,9.96123,10.5054,9.76617,10.8839,8.5738,9.05279
9.62474,9.71145,10.1737,9.61186,9.77577,10.1122,10.765,11.0517,9.85144,9.32217
10.4476,10.4419,9.84642,9.59415,9.19938,10.0852,9.91663,10.7913,10.1518,9.52571
10.2754,10.1789,10.2095,9.71077,9.56312,9.66907,10.073,9.92469,10.2157,10.1798
9.59659,9.9066,9.87358,9.87105,9.86181,9.4516,9.83677,10.4565,10.502,10.6435
9.84521,10.0362,10.2985,10.5224,10.23,9.59093,10.3592,9.9222,9.47566,9.71961
9.50078,9.32366,9.65212,9.40639,9.68863,10.2972,11.5403,10.9978,9.47001,10.1231
10.0335,10.3192,9.95691,10.5107,9.79041,9.61815,10.5809,9.78377,9.62674,9.77979
10.1662,9.59409,9.72964,9.51591,10.6628,10.4432,11.0356,10.5045,9.28457,9.06349
9.08766,9.63624,12.1861,12.2748,11.2828,9.86682,7.32193,6.81343,10.7011,10.8291
9.42791,10.5657,9.03422,9.87718,9.18492,8.70858,12.2547,11.3066,9.47702,10.1632
9.1158,9.05569,10.7566,10.9663,9.83791,10.2908,10.8512,9.90256,9.25283,9.9703
8.84331,9.08911,9.4606,9.23264,10.2793,10.4714,10.1583,11.0772,10.7641,10.624
10.5479,10.3072,9.99456,10.1723,9.71086,10.3092,9.74012,9.27348,9.86211,10.0822
10.1541,9.80551,10.5681,10.6379,10.2162,9.55873,10.7828,10.7241,8.64977,8.90274
9.93934,10.7655,9.48538,10.9105,9.93498,9.81951,9.98359,10.8533,9.43605,8.87191
10.4801,9.87974,8.70132,10.9281,9.2181,8.97779,12.2856,11.5895,9.77121,8.1686
10.2496,11.0048,8.99914,8.90343,9.77184,9.35014,10.838,11.5072,10.1227,9.25305
10.2185,10.2199,10.181,10.1318,9.90847,10.2703,9.27416,9.18628,10.4051,10.2045
9.26,9.57492,10.2669,10.0801,9.74543,10.132,9.41081,9.44535,11.398,10.6865
10.1463,9.68687,10.1036,10.9073,10.0388,9.57435,11.8218,10.5506,8.73553,8.43496
8.89586,9.99648,9.2748,12.0097,10.3169,9.5419,11.8693,11.3331,7.82449,8.93755
9.89438,10.0429,10.4282,10.2622,10.1896,10.0679,9.16625,9.45853,10.1059,10.384
9.84364,10.7136,10.2308,10.0472,10.5844,11.1816,8.97938,8.96114,9.79809,9.66008
NaN,NaN,NaN,NaN,NaN,NaN,NaN,NaN,NaN,NaN
10.2841,10.0567,10.0202,10.1596,10.057,9.49117,10.2872,9.89152,10.1135,9.63918
10.2579,10.1362,10.0175,10.4487,10.0694,9.64312,10.1957,9.80773,9.90639,9.5174
10.0391,10.0694,9.7984,9.95777,10.0842,9.63371,10.6492,10.8954,9.88174,8.99109
NaN,NaN,NaN,NaN,NaN,NaN,NaN,NaN,NaN,NaN
11.9109,13.0741,9.62105,9.05287,8.91572,8.88541,8.62676,9.44135,9.86339,10.6085
NaN,NaN,NaN,NaN,NaN,NaN,NaN,NaN,NaN,NaN
9.10673,9.91823,9.81007,9.34287,10.6449,9.69662,9.486,10.6107,10.8911,10.4929
NaN,NaN,NaN,NaN,NaN,NaN,NaN,NaN,NaN,NaN
10.0153,9.638,9.59674,9.06473,9.84067,9.92109,10.9245,10.732,10.8093,9.45773
9.3502,9.60136,9.78754,9.11835,10.0786,10.3132,9.78916,10.1474,10.7556,11.0585
NaN,NaN,NaN,NaN,NaN,NaN,NaN,NaN,NaN,NaN
9.44543,10.0277,9.62257,9.77704,9.83581,10.1124,9.57127,9.90715,10.8874,10.8133
9.63146,10.079,10.5157,9.53073,9.15668,8.96881,9.38013,10.611,11.4594,10.6672
8.39073,10.8474,9.85795,9.67273,8.9027,9.75829,9.48834,10.6778,11.7346,10.6696
10.5055,11.1538,9.71256,10.4304,9.38135,8.6821,10.7867,10.6011,9.64745,9.09906
9.48395,9.16692,10.4717,9.23864,10.3449,10.1054,9.91262,10.1507,10.1658,10.9594
9.32735,9.60054,9.62168,9.44644,10.3387,10.5803,9.76664,10.264,10.7231,10.3312
9.37907,8.87241,10.3493,8.79185,9.55236,9.81485,9.82012,10.1531,11.6815,11.5855
9.46093,10.1485,9.38341,9.97261,9.67588,9.77708,10.2098,10.6085,10.3506,10.4127
NaN,NaN,NaN,NaN,NaN,NaN,NaN,NaN,NaN,NaN
12.2893,12.8059,12.4661,8.43297,9.95237,8.21664,8.75534,9.20006,9.80462,8.0767
NaN,NaN,NaN,NaN,NaN,NaN,NaN,NaN,NaN,NaN
NaN,NaN,NaN,NaN,NaN,NaN,NaN,NaN,NaN,NaN
10.4543,9.86203,9.89952,9.70159,9.81708,9.64328,10.4238,9.75675,10.2703,10.1713
9.11281,9.22027,9.66053,9.57903,10.4195,9.59441,9.61362,10.9848,11.0889,10.7261
9.80798,10.1456,10.4461,10.8224,10.155,9.72675,10.0283,10.3181,9.10327,9.44652
10.0845,10.1759,9.66638,9.60645,11.089,10.1778,10.466,9.91371,9.87977,8.94061
9.57117,8.29174,9.75262,11.0298,9.79579,10.1393,10.5205,10.6648,11.0857,9.14861
10.1265,9.60848,9.93279,10.6699,9.87085,9.32091,11.0985,10.7101,9.97017,8.69178
9.60641,9.75525,10.3738,9.782,9.50993,10.0016,9.69403,10.1966,10.2897,10.7907
10.3944,9.58955,9.92539,9.53378,9.80388,9.92391,11.1311,9.82627,9.97909,9.89267
9.63508,9.28471,10.5825,12.1938,9.59396,8.54989,13.2097,11.3427,7.94427,7.66349
10.2915,10.4638,12.0438,12.6946,11.5088,10.7868,8.24523,7.91552,7.87671,8.17311
9.79917,9.42214,9.94638,9.54169,9.92254,10.1724,10.3047,10.3018,10.5631,10.0261
NaN,NaN,NaN,NaN,NaN,NaN,NaN,NaN,NaN,NaN
9.67227,9.69435,10.6039,9.89943,10.1904,10.1361,8.93975,9.61596,10.3781,10.8698
8.4677,11.6642,10.2839,8.61634,11.4515,8.83623,6.8417,11.3213,13.2723,9.2448
8.97578,9.02254,9.62647,9.39679,10.241,10.2869,10.5424,11.0347,10.3191,10.5543
10.2282,9.87701,9.71763,9.97792,9.73288,9.91123,10.5362,9.84154,10.2735,9.90382
10.0066,10.3216,10.1337,10.5506,10.2755,9.1542,11.0136,10.4839,8.9313,9.12906
9.54627,9.70371,9.82826,9.76169,9.72946,8.97417,8.84116,8.93485,12.5669,12.1135
12.1186,8.81226,10.2593,12.1004,10.2565,10.2298,11.925,7.71809,8.46006,8.11998
10.0656,9.03683,9.57337,10.0219,10.448,11.1182,10.1812,9.72372,10.2291,9.60206
NaN,NaN,NaN,NaN,NaN,NaN,NaN,NaN,NaN,NaN
10.0581,10.196,9.6756,9.42,10.2879,9.7086,9.84448,10.3247,10.3038,10.1808
9.73673,9.90233,9.52662,8.99491,10.1563,9.36221,10.328,10.8971,10.6708,10.425
10.34,9.85706,10.1473,9.60547,9.39932,9.15043,11.5837,11.5827,9.39438,8.93955
11.4221,11.677,10.0136,10.5585,9.87252,9.22566,10.1101,9.29954,8.81542,9.00557
10.9521,9.9935,9.11812,9.24798,10.5226,10.0646,9.80079,9.87483,11.1299,9.29563
NaN,NaN,NaN,NaN,NaN,NaN,NaN,NaN,NaN,NaN
9.56056,9.78338,9.32218,9.08481,9.53127,9.19657,11.0449,11.5986,10.498,10.3797
NaN,NaN,NaN,NaN,NaN,NaN,NaN,NaN,NaN,NaN
9.39327,9.58435,9.66247,9.83899,9.71927,9.49135,11.1914,11.1257,10.0486,9.94463
9.87375,10.1004,9.42136,8.69677,11.256,9.39522,11.1392,9.79349,10.7495,9.57421
10.4308,10.2079,9.86868,9.75504,9.24981,9.36434,10.4744,10.2898,10.2724,10.0868
9.94053,10.1416,9.88508,9.44418,10.1325,9.68852,9.59742,10.2872,10.7744,10.1085
9.58883,9.81621,9.44893,9.16906,10.4219,10.4571,10.0009,10.7978,9.96585,10.3334
10.709,10.2567,10.0608,10.3174,10.1473,9.23177,10.5044,9.84901,9.41671,9.50682
11.6085,10.404,9.38987,10.779,9.90145,9.40971,10.3003,9.32285,10.0353,8.84901
10.205,9.83941,9.78087,9.25257,9.78009,9.41747,10.2819,10.4545,9.87782,11.1104
10.1209,10.2879,8.1988,7.02326,10.1626,10.0662,9.97972,12.577,12.491,9.09263
10.0167,9.69346,10.8273,9.83584,8.97897,10.5122,10.8885,9.34111,9.82401,10.0819
10.3526,10.2401,10.1616,9.6784,10.2022,10.0336,9.9004,9.92349,9.60349,9.90406
9.74218,9.96698,10.1635,10.1666,10.203,9.66839,10.9,11.4105,9.16771,8.6111
9.08335,9.28366,9.83711,9.5713,9.46165,9.45544,10.5513,11.1233,11.1556,10.4772
NaN,NaN,NaN,NaN,NaN,NaN,NaN,NaN,NaN,NaN
10.8558,10.9102,10.1014,10.4516,9.71776,9.32338,10.6766,10.3454,8.85974,8.75824
13.6393,12.4906,13.8367,15.6393,11.4534,10.0756,6.04361,4.25407,6.28447,6.28282
11.4347,11.7714,12.104,14.1196,10.8115,10.1354,7.72846,6.62586,7.3207,7.94839
9.67996,9.61349,9.55017,10.2946,10.1615,10.1804,9.87875,9.79176,10.7058,10.1435
9.69338,11.7784,10.1484,8.5602,10.1922,9.84828,9.09145,11.2168,11.0711,8.39988
10.2092,10.2138,10.2838,10.2913,10.7006,10.2627,9.49778,9.39551,9.54156,9.60376
9.85837,9.81946,9.83664,10.1933,10.1629,9.75754,10.1121,9.97752,10.191,10.0912
NaN,NaN,NaN,NaN,NaN,NaN,NaN,NaN,NaN,NaN
7.96391,7.39964,9.93851,8.68923,9.79216,10.9053,12.0922,9.36559,13.0497,10.8038
10.1488,10.3602,10.3081,10.5945,9.53429,9.75009,9.62191,10.026,9.9842,9.67201
9.65584,9.66613,9.47101,9.52509,9.48031,10.0408,10.4484,10.4873,10.6017,10.6234
9.76466,10.2639,10.8436,10.165,9.59713,9.63317,9.70843,10.2291,9.57301,10.222
9.35522,9.07967,9.74999,9.68182,9.48884,10.4025,11.1879,11.5834,9.60006,9.8706
9.97505,10.5726,9.23473,9.69193,10.2961,10.0903,10.0899,10.7867,10.1922,9.07046
11.414,11.9079,10.9034,9.66697,10.6278,9.51294,7.59692,7.70632,10.244,10.4197
10.8227,11.3339,11.3101,10.4773,10.1312,9.77232,7.85136,7.64221,10.1655,10.4934
10.4879,11.6398,9.95958,9.98739,10.024,9.26851,8.83697,9.10285,10.8254,9.86763
12.4866,14.6456,11.028,10.2714,10.5732,9.32322,7.66152,6.29943,9.17357,8.53759
10.3559,9.68745,9.57651,9.28847,8.83791,10.3295,11.1678,10.247,10.1046,10.4049
9.5527,10.2651,9.58419,10.0876,9.62423,10.6251,11.2177,10.8878,9.13725,9.01836
10.1393,9.76983,10.2034,10.2994,10.0767,9.44629,9.93951,9.2683,10.2445,10.6128
9.76325,11.6575,10.3721,10.2168,10.6614,9.04514,7.54317,9.04287,10.9883,10.7095
10.235,10.609,8.87916,9.32027,9.09914,9.006,11.066,11.1461,10.5051,10.1342
10.0356,10.1893,10.0516,10.0691,9.50149,9.68454,10.0694,10.2606,10.1522,9.98616
10.3575,10.3258,9.82853,10.3922,10.2037,9.58991,9.78891,10.1582,9.67905,9.67613
10.5877,10.6214,10.3171,9.95615,10.1843,9.64023,9.81909,9.92006,9.63356,9.32031
12.3919,12.6368,9.13815,11.2172,10.414,8.48378,9.2171,7.83491,9.27818,9.388
9.83522,10.0289,9.14223,10.4323,10.2078,9.9162,9.76548,10.1437,8.88501,11.6431
10.3574,10.2717,9.64012,9.45809,9.72289,8.19596,10.4803,10.0256,10.967,10.881
7.78866,8.74617,11.1317,11.2294,7.8343,12.7702,9.68099,7.40531,11.527,11.8863
NaN,NaN,NaN,NaN,NaN,NaN,NaN,NaN,NaN,NaN
9.15649,9.73571,9.40147,8.9575,10.0154,10.1136,9.66067,10.0389,11.7306,11.1897
10.1209,10.4089,9.93,10.0761,10.1559,9.69545,10.8733,10.5342,9.37712,8.82813
10.8038,10.3367,10.5607,10.0722,8.96649,9.44467,10.8923,11.1755,9.39593,8.35171
9.15052,9.4547,9.31398,9.62221,9.92416,10.3875,10.9095,11.0659,10.1398,10.0317
10.0415,9.43011,10.6607,9.36783,9.2041,10.4975,10.1731,9.15197,10.7396,10.7336
9.91432,10.332,9.54743,9.61474,9.62345,9.02004,10.2069,10.4606,11.0334,10.2472
10.0973,9.61186,10.022,9.61564,9.30326,9.20921,10.2338,10.4374,11.4677,10.0018
10.1836,10.3067,9.83836,9.94569,10.0631,9.65518,9.79193,9.75311,10.4053,10.0571
11.5253,10.068,8.20722,10.2032,10.4345,9.54154,10.773,8.28348,10.2505,10.7132
11.1628,10.8044,9.74773,10.9294,11.2074,10.3793,9.68433,8.63775,9.96284,7.48412
9.35009,8.63808,10.4816,10.2952,11.3907,11.651,8.43115,8.5705,10.2221,10.9695
7.62789,9.65395,8.66146,8.55442,12.8736,12.9362,9.09909,9.43539,8.92135,12.2366
NaN,NaN,NaN,NaN,NaN,NaN,NaN,NaN,NaN,NaN
8.46247,9.75477,9.09852,9.15154,10.4202,10.5567,10.9499,10.7015,10.2961,10.6083
9.93798,10.0489,9.40979,9.48523,10.0708,9.59502,10.8056,11.154,10.1405,9.35219
9.5608,9.27065,10.6701,9.96491,10.0104,9.95734,9.44694,10.3371,10.2014,10.5804
10.5202,11.0514,9.39845,10.5268,9.9479,9.52296,10.3228,9.9397,9.4636,9.30625
10.1226,10.0794,10.5002,9.95982,10.3466,9.4271,10.2698,10.1686,9.58111,9.54479
9.53762,9.4733,8.61382,10.5854,11.156,9.35836,9.93799,11.3229,9.66558,10.3491
8.42805,8.13536,8.85377,9.17304,13.02,10.9762,10.3745,9.27796,10.6642,11.097
8.93567,10.2708,8.89665,8.8498,8.52575,8.74195,9.03493,10.9297,12.5145,13.3002
10.0486,10.1618,10.6352,10.3325,9.76263,9.13829,10.3172,10.5396,9.36991,9.69428
9.69315,9.52551,10.0437,10.3652,10.0916,10.026,9.65839,10.007,10.3628,10.2266
9.83379,10.2227,10.6429,10.4225,10.0531,9.81023,10.1226,9.85729,9.4143,9.62046
10.0534,10.1181,9.78191,10.0562,9.4527,9.73382,10.4373,10.5156,9.83731,10.0137
9.2613,9.94183,9.81139,9.68279,9.98489,10.1607,9.40341,10.0301,10.9316,10.792
10.6698,9.62961,10.1676,9.50111,10.9291,10.1606,9.20668,8.78196,10.6854,10.2682
9.60631,10.0536,9.89914,9.61807,10.2353,9.90837,9.95892,10.3603,10.09,10.27
9.38844,8.84752,8.46954,9.38466,10.0846,9.93006,11.2923,11.3644,11.4585,9.77996
9.9271,9.35942,10.8957,9.68456,10.1137,9.74931,9.90264,9.78267,10.2243,10.3606
9.8854,9.04678,11.5494,10.8664,10.1472,9.02561,10.6326,9.95322,8.35068,10.5427
9.00788,8.99949,10.0084,10.5394,10.2379,11.2848,8.77439,9.96809,10.2238,10.9558
9.36396,9.66223,9.84307,9.52572,9.38261,10.1446,10.941,10.7339,9.86407,10.5389
10.148,9.89151,9.45705,9.5283,9.77782,9.37967,11.2596,11.2627,9.88309,9.4122
10.0524,10.0714,9.26205,9.82921,9.29355,9.82473,11.2059,10.8066,9.57051,10.0836
9.56472,9.84871,10.1031,9.79567,9.82204,9.95268,9.53195,10.0816,10.7837,10.5158
9.88771,11.2148,8.664,10.0904,9.31785,10.4573,9.51377,9.79171,10.3743,10.6883
8.87925,10.801,8.43718,10.903,9.29358,10.8479,10.4605,11.7611,8.36436,10.2521
9.83892,10.0832,10.0824,9.78419,10.7032,10.7766,9.83455,9.98864,9.38116,9.52705
11.1608,11.9696,9.80505,9.57726,11.1542,9.63056,10.9315,9.26588,8.84327,7.66195
NaN,NaN,NaN,NaN,NaN,NaN,NaN,NaN,NaN,NaN
11.1338,10.8766,10.2563,10.4899,10.275,9.64529,9.33681,9.08287,9.68543,9.21789
12.9609,12.8082,9.44731,8.9708,10.4603,9.8951,11.2104,8.31638,8.89906,7.03147
8.83418,9.24178,10.7522,10.8792,10.3134,10.5039,8.54227,8.68234,10.8574,11.3934
NaN,NaN,NaN,NaN,NaN,NaN,NaN,NaN,NaN,NaN
9.13027,9.56953,9.32064,9.92064,9.48196,10.0417,10.3468,11.0069,10.6125,10.5691
9.76846,9.8279,9.83924,8.81371,8.99196,11.3895,12.7398,9.82289,8.95125,9.85527
10.1048,9.70428,8.56873,8.50367,8.4923,11.5016,11.8984,9.74904,10.504,10.9732
11.0111,9.98543,9.37574,8.17106,8.72035,11.5704,11.3103,8.98442,9.93317,10.938
10.3779,9.59776,8.88752,8.12052,8.23444,10.9525,12.3676,9.86348,11.1094,10.4889
10.9775,10.7287,10.0302,9.20737,9.75353,9.77699,10.1535,9.89587,9.51219,9.96421
11.0953,9.6711,8.85646,8.74176,8.56541,10.9344,12.1,9.78178,9.77186,10.482
10.5595,9.86407,9.48472,8.64134,9.0579,10.6094,10.8316,9.6624,10.6283,10.6607
13.3971,11.1105,9.33829,7.84662,11.6721,12.8725,7.91892,5.44632,11.6075,8.79008
10.6356,10.2406,10.2284,10.0401,10.0502,10.2023,9.07441,9.1294,9.75579,10.6432
10.4987,10.5813,9.56595,9.82545,10.3603,10.0516,9.62387,9.31107,9.96895,10.2128
10.61,10.2129,9.98844,9.9353,9.45944,9.98716,10.6055,10.1956,9.67451,9.33113
10.4412,10.5593,9.82492,9.8147,9.80251,9.17359,10.9381,11.0296,9.36411,9.05206
12.16,9.71974,8.55043,10.1825,7.64811,9.3823,12.5186,11.0335,9.41345,9.3914
10.0354,10.0453,10.0296,9.72244,9.99952,9.70828,9.76859,10.257,10.2627,10.1713
10.1485,9.95601,9.94487,10.1205,9.76912,9.55753,10.479,10.181,9.90765,9.93575
9.10781,9.43274,10.7632,10.6907,10.3618,10.5007,9.26061,9.6494,9.76938,10.4636
9.48117,9.7716,10.7293,10.4763,10.7022,10.8729,9.1609,9.72024,9.46527,9.62004
9.97708,9.7317,10.0834,9.38156,10.3678,9.83338,9.98867,10.5479,9.77987,10.3086
9.59445,10.0641,9.94184,10.4365,9.61666,10.2263,9.98396,10.4278,9.83609,9.87231
NaN,NaN,NaN,NaN,NaN,NaN,NaN,NaN,NaN,NaN
7.86263,8.4156,7.82719,12.6782,8.00702,10.2643,7.27377,10.6098,16.3601,10.7014
7.75592,8.91553,10.3429,10.6342,8.79718,14.434,8.05839,10.3888,11.6096,9.06351
7.14945,9.00935,9.73397,9.95483,8.79641,13.7259,8.73792,11.9479,11.4022,9.54201
7.46119,8.01241,8.32298,11.459,7.11642,12.8916,7.15408,12.4043,14.8808,10.2973
11.3683,10.5859,10.5445,12.8453,10.9995,9.99417,10.4869,8.68053,7.23184,7.2631
10.4985,10.4178,10.7545,10.8973,10.9787,10.2606,9.22213,8.73781,8.87606,9.35668
7.26514,7.70247,9.5983,12.84,7.90812,12.7909,7.06569,9.94279,14.2735,10.6131
10.3175,11.3099,9.27308,10.3892,9.20405,10.1022,11.0048,10.9961,8.61308,8.78999
5.6836,17.9815,8.8813,14.7804,6.51585,9.24611,6.22549,11.5012,7.89339,11.2911
11.6116,9.42229,11.1148,10.7262,11.5301,9.74975,11.1411,8.70323,7.54807,8.45286
NaN,NaN,NaN,NaN,NaN,NaN,NaN,NaN,NaN,NaN
10.8096,10.7479,9.50214,9.49411,9.03031,8.45441,11.983,11.4426,9.39059,9.14538
8.27359,9.22389,9.1993,10.1493,9.19905,10.281,8.02537,10.7328,14.1147,10.8011
8.62127,7.03095,10.5721,11.6219,8.63066,13.0545,10.2459,9.58659,9.39099,11.2452
NaN,NaN,NaN,NaN,NaN,NaN,NaN,NaN,NaN,NaN
8.47047,8.58577,8.44531,9.70776,8.66395,8.93167,9.22454,13.1153,14.4387,10.4166
9.93297,10.3918,10.9336,13.0233,8.4112,9.74213,7.9516,8.65957,11.5225,9.43128
9.38276,10.1231,9.25481,9.83345,10.2389,9.80777,9.9985,10.5641,10.2395,10.5571
9.9339,10.4076,10.5943,10.5402,10.0346,10.0433,9.94291,9.71843,8.75966,10.0252
10.4294,9.13909,9.06502,9.71349,10.3154,9.98953,10.0688,11.2447,10.3486,9.68603
9.84779,9.96709,10.1577,9.43743,9.81047,9.84519,10.0327,9.52089,10.5093,10.8714
10.1053,10.3869,10.0861,9.74617,10.7544,10.4253,9.76183,10.0255,9.54289,9.16579
9.58503,8.73272,9.771,8.85767,9.97749,10.3825,10.8459,11.1607,10.2517,10.4353
9.31844,10.035,10.3652,11.5256,9.44811,9.38565,8.64629,10.0151,10.662,10.5986
9.66488,10.1485,9.36703,9.64456,10.0861,9.97239,9.7804,10.7603,10.4708,10.1051
10.1364,9.80268,10.2538,10.7176,9.8491,9.58035,10.104,9.69231,9.80701,10.0567
9.40789,9.49141,10.5505,10.0363,10.6581,10.2163,9.18447,9.50516,10.3987,10.5512
9.7913,8.98907,9.61375,8.35819,11.8557,10.6295,9.61831,10.0519,10.0188,11.0735
9.24805,9.30688,9.6376,9.4788,10.4314,10.3056,9.85922,10.8819,10.6063,10.2442
13.3166,13.3805,9.48717,8.4704,10.065,8.60396,9.0059,8.24624,10.4332,8.99102
10.4005,11.3387,10.0093,10.6194,9.46309,9.68701,9.3923,9.36979,9.61054,10.1094
10.4057,11.2256,10.1454,9.95982,9.68769,9.53863,9.34692,9.56632,10.1581,9.96575
9.14612,9.22451,10.3995,9.81201,10.0974,10.2585,10.3025,10.9099,9.80373,10.0458
10.9937,8.63499,10.2638,9.43026,12.2166,9.39285,10.8245,9.48741,11.1499,7.60605
9.54524,9.7173,9.9603,9.92572,9.92378,9.55812,9.51435,10.1458,10.9382,10.7712
NaN,NaN,NaN,NaN,NaN,NaN,NaN,NaN,NaN,NaN
9.78079,10.2133,10.0101,9.72989,9.46401,9.66571,9.35753,10.2658,10.9608,10.5522
9.89065,9.9523,10.223,9.46639,9.53036,9.57525,10.0599,9.63593,10.6455,11.0207
8.06156,8.59597,9.24132,8.98937,9.22986,9.7586,10.6565,12.1626,11.5366,11.7676
10.2162,9.74095,10.7923,11.1732,10.2143,9.93693,9.36906,9.16686,10.1854,9.20469
NaN,NaN,NaN,NaN,NaN,NaN,NaN,NaN,NaN,NaN
10.8474,10.8476,10.5829,11.1641,11.4868,10.5029,8.3776,8.38057,8.79212,9.01799
10.6946,9.96991,8.79068,8.78149,9.46525,9.6978,11.4095,10.9936,10.5347,9.66243
10.3847,9.91871,10.4306,10.4026,10.0025,9.69606,9.67104,9.70097,10.3509,9.44197
9.52248,9.67683,9.85716,9.89271,9.81508,9.91302,9.71208,10.2946,10.4356,10.8805
9.26075,9.74831,9.57184,9.03535,9.83894,9.68017,9.45946,10.8565,11.4333,11.1154
NaN,NaN,NaN,NaN,NaN,NaN,NaN,NaN,NaN,NaN
10.3491,10.467,9.89513,9.41014,9.95926,9.22451,9.73754,10.2633,10.9831,9.71093
10.2152,10.2726,10.0289,9.75507,9.80378,9.17437,10.1369,10.1758,10.5501,9.88713
11.302,9.52199,11.0153,10.0206,8.93905,9.592,12.3368,8.27071,8.50347,10.4981
10.3905,9.82598,9.917,9.38829,9.01483,9.20356,10.476,11.1462,10.279,10.3586
9.8969,10.0717,9.61391,9.56917,10.017,9.61072,9.82947,10.2056,10.7036,10.4818
9.46087,9.07957,10.0785,10.8167,9.97801,9.65023,10.8419,10.3041,9.97482,9.81534
9.38072,9.92639,10.1083,9.78822,10.0403,9.86965,9.59292,10.107,10.6336,10.5528
9.80866,10.6965,10.7681,10.0666,10.0916,9.2452,10.3456,10.6136,9.05782,9.30608
9.26686,8.74059,9.88722,9.72137,10.5561,10.2062,9.86972,10.7411,10.8997,10.1111
10.4827,9.608,10.4718,10.1743,9.26932,9.61394,10.3848,10.7418,8.91172,10.3416
10.4294,10.7315,9.56045,9.96258,9.33856,10.7483,10.5275,9.30483,9.31342,10.0835
10.6018,8.81832,8.5526,9.18057,8.51704,10.6283,11.6325,10.5486,11.6089,9.91133
10.451,9.76982,8.99025,8.17503,7.06576,10.6408,11.1805,11.1835,11.0242,11.5191
9.94378,9.23617,9.7312,9.05775,8.88483,10.5948,10.5093,9.88653,11.2436,10.912
10.5882,9.47939,9.37394,8.9724,8.07952,10.4192,10.7819,10.4286,11.0911,10.7858
10.4286,10.2969,9.68716,9.76434,10.0612,9.28651,10.5814,10.7329,9.72386,9.43719
10.2012,9.83555,9.70076,9.63135,10.2238,9.99165,10.061,10.3641,10.0883,9.9023
10.3583,10.1291,9.45303,10.362,9.54297,9.10789,12.0209,11.5176,8.87874,8.62936
NaN,NaN,NaN,NaN,NaN,NaN,NaN,NaN,NaN,NaN
10.4665,10.8422,9.36013,9.27605,9.40734,9.21693,10.2035,10.2253,10.9809,10.0211
9.78793,10.1236,10.0078,9.71493,10.3914,9.99353,9.77768,10.2513,10.0267,9.92514
10.2021,10.2757,10.4819,10.2754,9.77512,9.53284,10.7858,10.5857,8.98072,9.10466
9.06252,8.95898,9.91768,9.89455,9.89194,11.2389,11.0124,11.0562,9.18098,9.78582
9.82948,8.66311,9.42589,8.67072,8.75131,10.2103,11.4828,10.7207,11.1805,11.0652
10.2314,10.2826,9.23456,9.46633,9.70988,9.89848,9.70192,10.2245,11.201,10.0493
8.15219,10.4158,9.79427,10.3857,9.8218,10.5879,10.0598,10.2561,10.2174,10.309
12.2989,10.4352,11.6036,10.4961,10.3842,10.2465,7.97668,9.00806,8.83007,8.7207
9.96905,9.82177,9.56567,9.9946,9.47239,10.0282,9.85311,10.1593,10.5031,10.6329
11.1814,9.94555,8.95677,8.19066,8.62292,11.0978,12.2493,9.89392,9.9096,9.95214
8.92385,9.57906,12.1303,12.2217,9.54079,9.62744,8.3881,9.39894,10.5442,9.64556
9.55937,9.61586,9.75795,9.49243,9.92935,9.32066,10.9157,11.0817,10.3941,9.93283
10.1049,10.1061,9.12309,8.70757,10.5182,9.85049,10.4397,10.7631,10.8878,9.49901
10.3312,9.1738,10.3063,9.08587,10.4301,10.4385,10.5736,9.96803,10.5274,9.1653
10.5428,9.83154,9.59596,8.95606,9.54718,9.96156,11.3329,10.5954,9.92063,9.71602
NaN,NaN,NaN,NaN,NaN,NaN,NaN,NaN,NaN,NaN
9.84944,10.2425,10.0665,9.84786,10.2643,9.72354,9.5332,9.86762,10.4172,10.1878
9.9983,9.56618,9.184,9.05693,9.48491,9.43954,11.3143,11.4084,10.4456,10.1019
10.3631,10.0033,9.65524,9.55312,9.30165,8.91611,10.9851,10.8175,10.2385,10.1664
